-117
565
279
792
562
-848
-796
407
-312
705
724
-566
644
-813
-892
836
-144
-442
792
141
344
-685
-468
-948
-47
-634
663
-794
-976
460
-79
-426
-782
365
70
-5
-569
-248
930
-830
872
647
-291
-245
-758
-481
78
-66
-496
-358
-107
-416
766
657
-516
-27
-880
205
892
-59
-624
71
326
-227
143
-651
912
936
-418
437
-604
-123
241
124
184
29
-595
972
-427
551
948
83
957
-368
-447
-642
-42
-341
-363
-192
239
-940
-659
93
-897
-137
248
743
-416
-862
-821
457
989
971
465
817
-252
427
650
175
-7
764
782
-620
-181
894
282
884
396
197
-25
415
-820
-263
-641
442
79
-818
498
407
-407
616
-490
871
270
601
517
470
-508
-572
5
-476
53
-346
-652
293
-3
184
-288
946
-615
658
-127
-207
-845
-937
337
390
889
327
-646
30
-684
521
-864
807
495
659
-935
518
-793
200
301
836
362
-90
-143
761
-347
-952
-582
424
-984
-995
55
420
-451
-787
730
-947
916
854
639
902
-596
347
-741
751
450
179
96
-186
103
-149
-284
482
648
428
7
-186
-515
644
-64
302
959
-219
-991
392
-625
484
-449
723
-759
-36
243
338
-907
-321
-283
-148
-882
-771
-466
153
568
801
-72
-743
322
-835
120
-648
594
377
-353
812
-620
453
962
377
-774
-542
722
-278
-6
-163
-900
630
-610
-587
561
-279
893
47
139
-946
-274
563
-420
331
199
102
907
593
266
-290
-433
-766
718
-561
552
-714
-228
-672
-619
-159
445
-991
-54
-530
236
111
646
-922
-948
-559
-745
308
-935
465
45
85
-30
474
-318
-45
-285
827
-299
-469
567
-851
-440
-976
-19
-667
854
-569
2
505
-58
-354
183
-386
941
-607
-393
677
-335
-765
242
-255
-230
865
769
567
986
-742
169
789
-260
123
671
-830
268
-675
-443
-567
-231
359
-544
534
515
-477
609
-638
-482
-892
878
499
-576
316
556
-859
-424
-925
-57
773
753
843
-78
-632
961
508
856
829
631
86
585
-525
-783
960
-124
403
-480
391
500
-239
562
602
-812
-661
-99
-10
-772
494
425
-365
-557
-117
-372
762
731
785
623
530
42
740
-194
810
-793
-83
883
-545
-673
-146
880
334
50
220
-962
737
-842
-886
827
436
-229
970
-502
-945
797
134
715
714
36
-876
-469
188
576
993
-174
-503
-614
-360
-18
821
461
-927
-273
727
-283
139
-808
237
-807
508
971
-903
295
385
831
-320
403
497
-947
137
-73
-434
-339
-275
927
593
-921
875
983
-564
-595
601
805
-728
762
456
480
739
280
-433
-524
-347
519
770
-885
819
-601
869
489
625
-38
-199
-732
399
-426
-198
-223
50
697
931
-686
-125
-273
142
-85
482
441
-443
-228
-950
-384
-333
604
441
560
937
687
-593
-807
312
-538
-990
-112
-933
390
-497
-206
-871
845
-740
-610
724
814
-679
946
329
131
-160
-2
247
505
-771
433
-811
606
144
774
182
-319
-61
-612
5
326
959
-287
352
-631
682
-854
-457
-63
-410
234
-492
912
756
-985
603
-711
-693
942
169
655
-245
275
476
-96
-748
-700
-692
-96
678
475
460
737
-31
-768
383
428
-786
852
690
-917
-103
789
-395
308
259
808
-747
-94
797
-597
272
-14
-942
-452
895
-243
-506
-171
-889
-782
671
753
-988
280
744
-971
678
696
-88
932
273
96
333
-763
935
-475
-615
889
-420
449
56
741
608
-800
-63
-119
179
-333
159
-629
-191
12
627
789
217
-761
608
-532
-344
-226
-43
285
574
71
681
300
-738
213
-784
-286
-361
-855
707
165
-976
96
186
879
-758
-234
504
172
-719
983
761
-639
825
188
278
-773
98
978
-336
985
-558
890
-639
-359
-113
-573
225
821
-634
491
-53
150
-864
147
-844
962
936
945
-162
-750
825
246
647
-81
-337
-360
-624
-180
-405
807
502
-420
-684
954
-932
-999
63
-786
-753
568
-31
-544
-120
455
32
-299
-37
835
917
442
-28
-305
604
-127
-423
-504
975
-679
-569
-141
113
-470
954
346
148
339
875
-871
-99
791
-691
207
-746
-967
333
-955
233
-944
321
889
-178
-584
-631
696
-362
-613
-743
533
-894
597
540
-889
596
570
3
-228
796
771
80
461
-444
632
666
956
-596
837
-849
-696
463
-792
-309
-70
267
504
795
-902
933
633
449
298
809
15
-911
-337
-933
-154
-132
-271
406
756
-934
-845
-921
-663
-496
369
396
576
-479
521
-91
-554
322
-325
-110
963
-718
-654
-543
498
435
262
233
-855
707
154
632
-486
-905
532
778
-112
866
-573
-744
511
-477
644
-510
-307
734
377
839
-219
-128
91
-120
504
159
343
-790
-239
611
482
277
716
-687
798
-108
635
815
152
-303
946
76
887
376
855
1
154
-495
364
-342
141
253
388
136
702
-639
938
547
-343
45
558
-653
-520
-491
388
-56
297
850
253
128
567
-246
-235
-978
-727
653
982
851
66
448
460
-174
-874
-39
-530
453
240
164
-482
-148
633
846
-144
-342
-209
991
83
772
755
796
217
456
269
880
-745
905
612
363
-612
893
293
318
301
-875
388
-113
-296
752
69
165
347
309
-664
-64
866
-835
-341
-497
-126
-18
560
744
548
383
280
357
52
-246
864
-702
-191
419
-696
-249
-377
-941
-77
69
-573
212
-281
124
-681
99
226
783
309
906
-981
-726
-148
492
-66
141
782
-983
780
-416
-213
471
-476
813
945
629
4
-461
-295
825
-538
-465
-920
721
552
-210
-534
680
-489
549
934
529
995
6
-808
630
-550
720
400
-884
256
-197
697
133
787
85
8
928
22
242
889
-286
51
-337
-261
872
-511
614
388
790
449
-521
150
-167
-632
224
-189
-648
13
-719
615
675
-806
35
-347
-16
628
-647
-231
-421
34
-719
-684
583
-958
-10
-175
700
-395
984
846
-601
-134
583
389
672
-976
484
811
881
-514
999
-821
380
-574
698
142
714
444
875
883
-754
578
185
151
168
265
-311
-776
-260
-209
-117
-336
209
729
-189
-977
602
-864
-683
-479
-141
-290
204
-623
-682
-691
-575
503
-622
-874
-541
679
695
383
721
117
802
-550
630
314
101
-327
-123
373
-841
-993
282
-947
918
-538
-186
-2
171
205
-739
-886
-805
-768
943
332
62
-666
-364
371
-848
-456
-547
-738
-651
-59
73
-187
552
-887
708
24
131
-152
-918
-952
-818
-927
444
308
229
617
-883
-876
974
-266
394
217
748
-679
622
-573
407
748
-758
49
54
689
-451
198
70
299
-357
696
-253
319
-187
-484
756
-319
-10
-104
-771
688
-380
256
855
765
-161
-478
492
253
980
859
-560
-429
-44
-414
-482
776
-68
227
636
720
-43
-437
-200
882
-898
262
478
507
445
-403
-614
477
736
686
-296
-402
277
235
-915
-659
-223
-827
86
-781
54
-745
-499
-526
482
-904
336
-19
702
-105
294
494
-67
-81
613
720
-965
357
125
-467
420
-790
-32
-55
438
65
-678
286
887
-877
-437
-611
134
130
-596
721
-229
273
31
-67
-183
-342
-616
-988
-558
828
-744
154
188
788
-246
989
-660
948
-497
583
692
-750
-291
-502
-667
-441
-700
965
240
-40
-437
-280
-563
-771
990
-381
223
-466
-841
250
-943
763
-429
129
489
-671
463
725
-116
74
30
-401
988
-333
454
-154
690
-885
-826
819
631
111
-246
-901
-985
-591
-626
-138
967
590
-88
-939
35
-187
693
668
-787
263
383
-938
-605
363
152
988
903
140
876
176
-902
646
-113
758
-765
-508
-935
591
779
732
-262
-710
652
860
995
-883
43
-801
126
169
-413
-743
640
-376
625
-2
-948
566
-778
690
-85
-261
963
194
-828
-264
986
226
844
616
919
761
246
141
75
-534
-52
932
-481
-941
-542
554
90
400
-684
451
-487
800
376
492
534
-316
-794
-772
103
-151
39
305
121
-883
240
220
64
206
-86
-812
-495
-375
-770
780
-248
356
-674
-116
785
-517
-663
300
-99
-931
713
-580
528
-437
-967
-553
893
852
639
-560
159
-333
800
438
-118
-275
660
925
-9
-678
519
-521
182
-139
-824
-977
246
-634
989
66
701
-417
-25
905
-69
535
-14
-847
-701
-406
-63
-455
-720
-615
61
-652
-954
321
578
274
246
366
561
-688
22
700
265
-585
40
625
245
-128
-777
-978
-649
490
593
-956
852
-168
-757
145
-722
12
-913
387
-450
507
20
159
301
-3
-764
-556
-181
-460
-610
395
-620
-772
-154
-149
-376
-517
-117
-857
978
920
-732
643
-284
495
203
777
306
259
981
616
-703
128
-861
-419
335
-284
-751
-537
125
-497
317
421
-940
190
939
456
-515
-877
26
-132
-990
-306
281
100
600
724
-514
-770
675
208
-753
475
-375
-400
-645
105
-749
-840
-187
-281
82
502
-365
51
-794
-207
365
761
-823
-82
-747
-935
791
70
-958
-726
-107
38
-180
-920
-902
628
561
305
-891
464
-569
439
594
182
-131
916
623
85
566
-17
725
565
763
504
-120
634
896
-929
-435
188
396
-967
127
66
636
-968
660
-760
264
-661
275
778
-117
-707
604
-935
-884
-7
-587
583
380
-673
396
600
-218
-790
481
865
95
-987
-225
133
119
42
632
-257
793
-931
-193
449
-30
-829
-907
136
544
-211
-704
-830
29
-820
-376
285
432
197
-218
-266
819
811
485
-215
-138
-879
448
890
77
-133
-776
-489
573
-669
758
622
-432
95
45
720
158
-764
380
-260
293
234
-953
848
-663
898
-44
-712
-189
881
-331
837
-205
2
-191
-505
-567
-950
461
-67
-48
-880
-452
24
-513
-774
249
-979
-455
75
286
515
-105
399
522
751
-605
-95
439
522
975
520
-237
289
-637
161
140
-53
-562
289
-928
-970
-56
947
-835
-319
-515
-873
-256
37
-777
105
949
-769
676
567
-330
-769
-116
-882
-903
783
-829
482
253
640
-831
-600
-480
-974
793
218
170
-633
-893
-751
215
-412
-360
786
81
918
-757
261
55
353
718
-434
-902
570
16
704
284
-66
96
-418
-612
812
-673
310
959
-903
764
-533
-429
-128
-416
-620
-366
-345
-812
784
941
-543
-29
631
-508
622
610
-142
-938
-786
735
-163
-630
-691
73
184
-489
88
-174
553
-71
514
104
-649
-166
-593
-359
564
-956
-40
-637
-67
-282
-767
-995
-831
-580
-821
217
-570
-905
165
-334
310
-765
130
-723
181
-1000
-786
889
622
682
-834
88
-423
711
138
-192
39
-607
-350
158
435
-603
-280
-118
-245
-219
460
-477
802
944
-288
-540
-783
831
-942
641
-197
171
-761
-636
-72
684
-868
846
-418
-408
541
59
710
768
866
-623
514
834
776
-558
-23
823
-960
-34
-531
475
378
-637
835
420
-70
91
274
-130
250
558
828
939
540
-344
181
426
-600
792
302
565
276
317
227
243
-72
814
611
530
500
-33
-176
994
-200
-130
-915
22
-84
564
246
891
-11
328
638
724
-662
-970
110
-653
-619
642
928
-484
-221
314
677
935
326
578
915
-341
-61
569
907
-372
-334
519
-594
375
226
-457
288
364
-278
-659
-220
-783
-727
-281
-703
584
821
324
207
688
-558
-979
-866
-851
695
-337
104
633
-316
-694
422
-536
521
306
-472
411
-652
-187
660
323
332
372
-479
644
441
259
-559
676
412
-525
248
-177
880
203
347
-792
43
546
18
-446
211
238
-960
-763
776
-75
729
145
799
-1
-921
393
-742
-258
96
438
900
744
696
-998
-21
-975
-338
496
-771
174
-27
-951
-801
-981
717
-574
-751
458
-268
-686
758
191
316
-938
441
-231
798
-931
-596
84
-822
709
-784
411
-771
-577
-537
-759
188
882
810
-366
-105
972
77
813
991
57
816
184
588
-762
496
-439
-245
81
1
104
942
503
450
816
-288
-898
354
-306
-140
668
-625
-160
-921
554
-155
-755
221
201
70
823
468
-821
613
454
995
-405
773
-118
-475
-961
-73
-915
-555
301
752
594
107
671
-733
-798
-140
683
239
-144
768
-945
449
909
-431
57
243
-157
-785
138
-449
174
962
-658
-148
439
-781
-389
794
294
-398
-921
624
-690
-673
538
137
-791
-105
-646
899
-205
-551
192
449
-120
-941
680
-122
-589
-198
-797
302
-914
-154
554
-660
-204
786
486
-492
574
-132
654
-776
-422
224
-194
730
956
412
-629
74
638
-996
711
-329
-792
673
809
612
-973
764
-78
744
-913
953
74
525
423
723
-256
804
475
-782
-970
-328
-273
-558
190
728
-832
-72
281
846
723
-586
-17
-456
-142
880
-484
312
540
968
-925
-852
-788
-529
-164
-435
-2
720
-952
-324
976
-260
-199
995
66
-826
587
-825
-820
-955
78
-630
789
-456
928
93
346
0
-951
-894
-288
991
189
-101
-957
-428
496
-897
948
857
533
353
-566
-623
-944
-547
983
853
-24
747
729
-401
512
289
402
-152
-457
348
161
315
-636
-308
136
-921
-545
265
563
-449
613
242
-131
683
-363
-95
523
-906
454
956
-280
-53
30
976
186
-449
-731
169
666
668
839
-482
384
728
-333
-366
-573
-491
880
950
67
-105
948
546
-933
861
-81
706
464
-681
-270
427
674
-249
411
787
-491
193
535
-474
-892
287
509
-146
304
447
-473
61
-875
-628
-303
107
-744
-174
-861
-832
805
386
793
423
-825
-989
126
240
-944
-510
47
968
-116
101
-152
-861
-54
551
792
404
987
299
-579
-492
987
-890
731
832
172
640
188
919
-893
-540
589
-181
513
585
-566
191
13
21
559
790
905
972
-100
351
730
-814
-546
-676
-559
-893
-935
46
770
492
-605
451
801
443
-761
-387
-481
-48
-703
564
656
41
620
-611
-959
594
176
603
-706
-366
192
4
-846
-799
-696
-655
-594
-732
284
-386
-357
-731
169
-564
996
482
250
-739
-231
-600
-720
809
-286
-484
580
462
-479
866
764
-188
580
570
-74
-63
470
422
558
-611
205
-511
-426
184
-221
-874
-682
-776
572
-429
725
36
-733
-613
253
-10
-483
780
273
38
619
-125
-657
-589
-391
590
-194
647
-821
819
644
635
673
765
-70
785
-659
701
-998
-508
-699
-702
73
-972
-4
245
140
297
-430
888
-281
-14
-589
85
35
906
607
955
354
-806
493
487
-428
-607
774
-288
-372
754
-575
3
397
-723
-750
356
365
-774
628
293
39
-234
631
-974
-758
555
-737
-579
-198
454
917
-897
574
-561
194
64
-755
561
19
174
-800
963
-376
-253
-283
-514
-735
246
11
734
-876
579
-881
982
853
100
728
-163
-820
759
-993
476
-481
-880
440
950
-583
-867
982
638
257
147
-416
760
940
219
-514
-336
484
949
-889
18
21
881
732
83
612
-145
639
324
-295
909
743
-442
-932
840
698
846
-228
-830
-561
727
177
25
242
373
284
-855
977
-241
-379
-272
953
-955
-36
-442
793
728
754
401
822
59
-626
699
-372
833
-314
-374
-275
784
-758
-735
877
210
-642
-487
-860
546
211
-254
179
-612
-813
987
-209
232
923
37
-249
463
180
711
-792
-784
882
-562
-645
-428
-60
-105
380
-212
722
164
926
700
-173
-166
-554
195
242
573
994
-595
683
-469
-553
-243
-80
-100
-409
-709
761
-98
-12
199
983
619
-465
774
425
759
-879
-665
-888
-128
-206
705
672
-424
117
-635
-724
-768
-484
121
455
499
312
65
-693
473
223
-203
261
971
-774
-295
-490
418
792
411
-689
115
787
-166
-158
50
540
518
-841
-342
-414
-683
725
217
411
698
192
506
388
458
502
317
-743
461
-575
198
220
-757
-631
-901
239
-534
918
-786
-955
983
1
-301
598
-341
111
760
-758
321
-440
610
76
729
-561
-463
-48
754
295
-45
-589
515
-620
386
274
-606
-10
-700
-985
514
-37
-553
805
-858
-468
-523
-225
476
-665
-344
-642
855
718
379
-96
-498
-625
-68
670
-828
107
71
373
-830
-527
-596
-37
-944
115
-843
693
665
-611
-568
68
-56
-518
-861
882
-688
-62
140
-452
-193
318
388
-516
40
788
13
-999
357
52
268
-915
697
495
649
919
-61
-255
-199
-549
-208
424
158
996
-300
-973
-262
-398
-392
-678
123
-120
-711
957
-542
-943
-122
-186
256
-328
476
-400
463
495
879
-954
-978
176
338
570
402
117
117
-134
-681
387
4
-382
521
386
74
-91
280
-82
653
393
-464
-548
-697
-339
-820
-608
738
-496
967
-288
-857
-279
793
695
-397
-218
792
-636
-853
-419
195
270
-262
-489
929
-196
-679
100
-486
233
943
197
-897
553
-316
655
-361
-927
-667
-731
126
-94
140
682
625
579
391
320
932
454
92
-760
89
-183
-429
-421
734
-931
539
934
-257
296
-843
-371
118
-568
-386
-844
500
-839
358
944
326
-73
-761
707
-297
840
-497
-297
846
92
-720
-623
333
481
189
232
298
670
76
-844
-303
-628
514
721
-974
174
176
674
-260
-509
-90
629
-377
137
425
-318
608
-446
994
-847
443
925
998
528
837
111
-641
-164
534
-192
-293
775
202
-386
-50
-522
-288
-662
601
185
-454
652
-323
-889
-123
907
-197
-870
-400
400
-879
665
-813
-73
-439
-172
-813
-776
765
-987
96
17
562
-306
-523
-637
-691
-711
-839
701
247
934
-813
-111
-665
708
-1
-539
743
-647
403
562
88
713
-797
-954
609
-398
-452
395
-141
380
991
823
744
-756
-178
-102
668
291
-376
-158
321
-149
820
-185
-731
-453
-735
501
224
-632
-822
538
777
993
-742
-886
73
-756
957
-95
524
246
880
-926
-197
-317
-130
338
-531
-675
-746
398
-37
-398
-544
-173
429
-502
-936
-892
-937
-732
-214
761
306
568
262
534
-979
670
-956
295
566
-329
342
-102
230
133
90
512
-253
-657
574
376
-471
633
561
992
-960
708
-52
-510
543
219
383
-967
-173
-454
539
-806
618
71
-603
939
-224
-357
-633
-246
270
61
-733
-891
944
79
465
-438
504
-477
463
157
-212
-858
-948
-406
138
-250
-782
-689
861
706
519
623
-376
295
20
976
-123
-163
-32
-321
726
-431
611
66
-830
-820
346
280
-563
482
703
541
804
324
704
-451
-732
197
895
-21
206
418
265
316
233
-872
110
-564
349
482
-695
847
-270
266
-927
904
780
655
-32
664
-939
18
-853
-341
505
-638
-149
-810
-446
809
280
-924
460
867
824
-840
751
441
-660
628
725
465
-453
302
-274
654
871
-46
290
360
383
-399
775
-19
-224
-781
-405
-931
-568
766
-549
597
489
628
223
742
-87
-121
500
-467
-788
-482
644
714
310
-470
-363
-908
-638
-719
-126
-889
458
-350
-618
79
459
-347
-667
-135
-498
-7
-852
834
-610
942
883
998
-863
-119
133
-29
7
180
-845
224
56
-718
583
360
782
-613
998
-564
-620
338
-188
-751
743
962
624
202
966
-677
-570
615
-289
-530
-669
939
-474
612
218
549
209
412
925
-504
652
2
-221
-420
-401
-375
123
-936
241
725
-857
-31
-643
-778
-864
876
484
774
-290
-596
144
-322
272
-316
-333
-606
-995
-241
-903
158
413
-983
640
19
-731
229
-545
90
450
781
-173
-599
898
-467
-40
-163
-107
435
-615
774
-923
-986
797
-644
-763
-491
-427
-812
-758
-145
-807
939
-883
870
-432
568
572
-810
710
776
-782
68
-723
269
987
981
-135
-31
173
11
63
-452
-865
-953
168
647
105
313
761
-586
382
940
576
-880
-933
656
308
-624
759
605
303
-451
641
-574
601
-293
250
780
584
39
964
498
-888
-934
-366
33
-885
462
875
534
-319
945
-148
-969
835
-387
457
-600
-588
296
723
206
-902
56
843
73
-669
303
608
694
-551
-608
-225
-718
82
-861
297
15
413
-650
35
659
-542
33
411
-136
-42
-724
809
908
263
-597
-830
-503
547
-807
344
171
-477
534
832
205
572
-65
-297
314
-635
146
408
9
-694
610
-729
772
-713
677
-19
-447
380
-7
-97
-184
-738
519
160
270
-245
-361
305
749
-809
-133
-841
-145
-665
-978
449
-426
756
255
-50
-84
836
175
-939
781
110
292
-73
626
27
504
474
-553
762
-451
309
182
221
795
259
-524
-962
806
323
756
999
-323
915
642
161
217
-740
597
861
745
-659
657
-415
-690
-505
-125
-479
889
-145
-264
-543
-339
-34
513
-972
622
431
112
245
44
-798
-462
184
-549
-149
471
-390
-287
551
996
176
722
-297
188
-803
474
775
71
806
-464
-700
-926
-945
-565
625
-531
-331
843
-87
800
956
84
216
121
340
-926
-885
-136
612
-834
-815
401
-806
-861
303
-640
-800
-347
-874
-858
-962
-334
490
507
961
-986
27
801
-118
722
267
-877
-623
51
-210
578
570
0
-110
-270
316
-599
616
159
260
-880
-965
-744
-571
-364
820
374
404
-682
-547
-189
-811
823
-249
495
-473
-671
474
-944
146
-773
-655
-424
938
773
-613
144
33
814
-689
403
110
640
751
505
-748
685
579
-629
75
-985
-589
777
-456
35
96
-763
-105
688
-644
-428
705
592
918
145
-560
389
-21
-827
-620
-769
104
72
-113
-444
-152
453
155
727
213
159
-250
-594
-633
674
817
-231
-587
-741
916
-871
-722
-567
167
-51
945
-791
-124
473
650
-374
987
-26
-877
-771
90
417
559
837
843
-740
-893
-531
93
-823
-684
200
-960
-181
744
801
657
-717
-453
-728
816
263
-354
-37
385
888
222
-67
944
-748
416
791
900
228
750
-308
100
-565
818
990
478
18
382
75
458
-37
-98
950
763
304
318
738
-568
-39
-18
-339
-103
-416
246
493
-249
-517
-746
-92
-997
612
-606
-951
14
-808
-657
-597
624
-297
-972
386
-106
-858
256
-535
-664
573
557
-71
206
591
550
-697
-978
-589
-763
-321
124
-671
14
833
-158
993
-62
-824
729
-286
-477
-864
-86
-557
-664
926
-559
892
235
126
-124
-257
518
-457
526
993
-355
475
-577
609
-820
113
815
252
876
790
129
681
909
434
-11
-173
112
-264
564
-498
-907
-522
-251
-253
667
540
-594
864
630
-111
285
-865
-481
-653
-273
764
-451
946
791
-270
18
613
-834
308
509
542
709
963
524
960
230
709
194
-937
144
-894
786
347
-858
370
274
-474
-305
-637
-963
-206
-119
871
671
-152
851
-618
-548
-729
-886
-760
-97
-541
-224
112
-605
-373
296
242
792
692
54
291
831
363
174
-639
-555
439
-542
373
57
899
-19
-630
-706
393
673
-940
718
-974
333
675
-471
-369
-983
-636
458
-202
388
-16
912
-334
-528
-908
-595
249
-586
-808
-131
-16
-813
488
39
49
621
536
-851
296
729
-422
11
323
-303
928
-137
-317
-122
-349
426
41
560
-948
-302
-537
387
312
-857
947
-87
296
-343
-836
-731
240
-478
-63
-737
160
527
275
555
-926
900
707
159
-836
616
749
995
-405
-302
-499
412
452
371
887
495
-821
-832
-365
767
214
-573
901
-374
-310
-341
598
624
-666
322
713
-617
-607
482
-52
-55
-176
107
-489
-864
6
195
708
433
-633
612
-797
-218
-109
994
-993
107
636
-400
-815
-23
-680
780
-260
-10
-368
-715
-96
-415
394
76
232
533
670
-415
-341
-133
662
-423
-772
450
7
374
-279
-778
-952
-919
291
124
-496
563
-711
820
-623
873
-116
537
606
69
444
-892
-740
669
25
801
29
192
701
517
237
38
902
519
-100
-63
868
-619
-502
-730
737
976
243
-856
198
696
-48
390
630
181
64
-247
666
-742
438
680
-911
435
154
-445
867
514
505
411
287
772
338
-493
382
68
566
290
-269
-753
267
-538
-696
-693
697
-894
-376
933
-500
682
-227
826
-519
117
9
-2
691
77
-439
-727
674
956
643
-558
908
-330
-693
271
-786
463
379
516
-277
-78
-136
739
874
556
607
708
839
309
-161
-188
-783
-311
152
-257
-936
-438
-31
-550
-192
-700
-11
845
-827
-601
720
580
948
259
-171
-448
-124
-265
-102
-717
620
-691
-929
671
528
42
564
356
762
-555
-591
-910
985
247
-929
868
-610
-468
-529
127
-982
-765
700
-104
134
43
-125
-573
-263
-735
-29
-121
728
-166
-836
-265
801
160
-544
86
-446
-467
-249
-556
20
473
875
-351
-795
870
-402
739
79
-273
411
934
914
659
-58
412
-736
-713
310
-916
-959
-814
-548
-611
-408
603
-789
825
-504
-123
577
926
-867
140
-472
98
-827
-766
267
964
580
454
-892
-772
88
339
874
-427
479
-421
-359
63
727
271
-188
-185
441
-860
-976
192
-735
454
-81
-600
-63
-303
740
-956
51
-675
120
945
-122
909
884
-339
-951
127
-353
-496
742
951
375
-701
816
792
27
82
-286
-897
445
469
828
437
28
343
11
-246
-536
596
-1
440
-214
-563
-598
684
552
-430
-763
-243
626
-770
795
421
107
94
-198
-85
-194
979
78
776
123
946
573
-883
-398
-467
-425
119
-362
618
824
-829
407
-232
364
925
-995
-689
435
293
-506
-36
670
-959
247
-78
-402
-753
-91
-856
938
-76
-717
-223
-964
702
-417
447
4
183
223
-992
861
-331
-455
639
864
200
177
-610
-89
645
406
-328
-169
-177
-63
849
411
-462
206
-553
-944
-521
943
797
496
-209
-516
362
-698
-291
-387
909
887
277
-492
882
114
-25
3
-294
-431
245
516
673
-671
217
876
84
-725
998
197
494
-559
-309
-640
-334
439
-484
-554
642
-493
-670
-158
-456
-81
-422
648
325
-408
980
-660
-727
414
157
-600
686
-7
-460
-452
128
958
-495
-399
-360
-441
585
834
599
391
232
664
639
860
-914
-11
-364
-50
869
-676
480
-338
276
-836
-986
398
-268
951
-368
271
-696
-756
-217
-477
-133
-672
164
-69
-763
130
705
-409
803
79
834
-538
920
558
-170
753
15
697
-667
759
-253
132
-870
255
-264
-110
22
-158
-166
968
376
600
-647
-625
249
-931
-851
788
156
179
-728
-145
871
-598
-421
-433
274
-419
642
38
636
460
518
-719
-128
718
182
-945
550
460
-558
832
-704
-816
690
549
-196
-846
149
975
-226
-201
-696
-498
-349
125
-817
387
507
552
763
-524
-406
420
-861
537
-678
-185
103
301
-200
354
-723
-554
362
-498
362
740
69
-630
-51
436
629
-566
205
-916
-567
-699
-749
36
405
667
716
617
-146
-616
-642
64
960
-256
567
-132
-773
-367
-967
361
-922
-668
954
-788
-222
922
11
-439
248
456
-480
630
732
-995
-925
-736
-700
-310
873
-488
-732
582
320
900
965
425
783
670
390
470
632
879
888
-837
953
-275
-443
625
-366
-55
-313
832
-141
479
-724
737
-685
-125
-309
779
117
87
187
-538
-633
-609
0
160
164
-97
-510
697
932
-443
-571
-61
307
321
-540
-819
467
-715
-589
-897
912
-548
-730
86
-259
-373
782
-56
789
-318
340
357
-110
-730
321
39
354
-316
792
-932
-463
-525
432
784
227
549
41
-97
-499
-325
175
-109
209
-276
-466
746
-900
-865
-946
436
-14
-965
897
-581
804
1
-689
-715
-361
-619
-822
463
-706
288
-421
107
736
-789
-159
-945
224
535
101
-494
-175
-838
-971
-484
-348
663
257
-146
-502
561
159
-154
673
605
-958
-728
-467
469
-385
37
283
-288
979
-119
-154
-291
740
-494
957
969
392
684
850
-922
-937
-10
397
-674
973
62
-574
-301
-857
-173
905
956
-567
-718
738
-529
-601
847
-131
-88
3
598
971
-389
-916
56
-815
995
-275
-297
557
-641
646
-818
-636
-491
662
269
-877
-483
-233
-141
922
140
213
575
-476
362
814
55
-737
-717
-196
469
-971
44
-426
-952
476
861
-915
-365
883
-516
417
453
828
606
373
514
831
392
-860
260
703
645
942
125
-998
-50
-414
-51
-371
349
262
3
514
764
-822
923
799
889
-66
613
-396
121
-180
-124
748
982
48
-440
-58
974
-748
-518
800
836
698
458
554
-628
673
-597
-808
584
-671
549
-834
489
536
10
12
-383
-66
794
874
-223
-491
20
321
122
-981
759
908
-139
232
146
63
-898
-876
-414
354
-458
543
404
-230
-808
345
573
202
-515
209
-782
879
-299
42
-954
-412
251
580
489
-551
617
-24
-416
19
142
-961
637
677
855
684
-509
-579
-605
317
-44
612
123
-357
-100
740
489
-963
486
-192
-68
736
-868
568
-232
-669
-962
583
-922
471
585
7
54
-81
-368
69
133
-100
-353
-763
57
610
-447
690
-547
956
-873
-168
958
-728
-931
-609
463
-912
326
995
565
312
-866
-672
245
852
578
980
-62
-974
897
326
-747
400
816
741
565
257
158
248
-325
681
-604
-964
-242
585
236
-571
212
957
-742
663
-862
327
-732
-682
-779
347
4
-156
-151
683
493
827
584
-71
-753
878
-431
747
337
-948
587
195
480
829
643
903
763
25
64
156
-458
-827
943
256
531
-82
177
-656
98
729
-706
306
-796
-242
478
762
-627
615
722
-484
-396
-906
-83
18
-76
54
308
-541
482
-600
760
-85
-341
-790
-290
-965
692
-903
39
-771
-689
-970
16
449
141
-751
-47
818
839
927
-757
654
720
-591
-612
-37
-930
288
-543
849
403
-945
-129
891
444
503
-774
228
-973
526
823
232
484
541
542
-320
-212
-610
-822
519
845
709
-496
-67
-634
-225
898
-937
280
658
63
227
982
-448
977
855
963
327
388
-695
757
936
645
562
-752
-717
-280
854
525
-963
-121
-806
486
-400
437
355
-709
-809
522
624
-840
209
-502
383
-562
-365
-743
-910
294
906
-444
426
175
-740
-29
-703
247
657
962
-769
104
219
132
-872
406
-250
241
-136
-907
27
-765
-471
-483
427
733
-976
-152
-553
816
-719
-434
-296
544
441
-937
619
162
460
552
786
301
526
-491
976
-768
-894
852
-914
-229
3
131
-935
718
491
736
-211
-349
573
400
363
910
564
-554
-45
120
313
-10
486
-176
-910
-39
-288
732
-853
-211
-970
-6
-890
661
405
-950
4
316
-808
-917
-246
741
317
292
918
69
-448
209
-394
431
543
-985
553
471
-418
273
-753
384
-203
655
867
-837
-592
-956
347
806
-37
255
224
773
-528
401
-602
352
49
833
786
5
221
-474
-834
-873
333
318
-921
22
-231
75
251
487
-103
-78
-352
-285
983
-163
-489
379
-454
748
84
-394
-150
-720
-777
252
961
616
300
180
-824
315
705
751
-392
-508
559
646
524
-926
-213
751
-910
640
507
-703
513
-773
824
363
438
846
439
902
-50
498
276
-770
235
581
666
-589
-656
354
31
421
-663
213
-193
-367
810
838
6
-752
896
647
639
-120
-145
341
-786
713
-428
513
-795
-382
-933
751
-844
-247
-496
-87
-780
294
631
-592
110
-629
877
-14
-308
448
-440
535
-871
-281
-477
365
-783
-22
131
650
962
-263
-27
410
892
-797
-851
344
607
-159
-65
949
712
379
-649
610
-741
-954
8
499
-793
952
-577
310
408
-723
670
872
-589
-571
-469
813
-757
-604
729
470
192
-454
802
-274
-856
-564
0
614
-104
440
-531
8
-144
95
-532
384
682
594
-835
-779
657
1
-763
-232
-795
-997
-670
58
560
186
-638
694
34
883
-451
858
612
-595
14
-904
-49
993
-224
255
429
-960
-901
-38
921
-508
459
149
945
-851
-546
355
792
-167
-178
-99
876
-241
125
23
943
186
744
-477
771
287
849
702
-958
29
-643
225
-431
-968
641
-469
-836
-748
101
673
-348
318
210
700
-269
-387
702
664
136
3
-35
84
-864
-943
808
956
159
572
544
881
436
594
94
411
521
-780
601
691
65
562
-82
-845
-409
-74
111
-496
802
307
-193
-241
-386
978
620
903
636
-827
387
-573
278
56
60
-477
-239
-420
-489
-632
888
-440
-39
20
606
959
-517
897
-946
599
965
-597
117
567
821
-379
-642
-868
615
46
869
637
-29
-774
-757
677
-414
355
-667
-686
-701
612
794
-936
-187
-386
633
-801
79
-414
-485
350
553
477
427
-141
759
-554
793
636
-555
160
576
318
-850
-476
-344
-366
-474
839
-248
-358
-710
-592
-680
449
-54
-331
-457
-792
-142
283
253
-988
-809
884
-659
153
-791
394
681
-623
-516
749
-553
72
-178
-294
343
-501
806
7
-751
220
779
67
769
-156
-480
-443
783
549
937
-376
805
-991
-418
-937
403
639
-902
-417
856
-618
493
-299
513
122
530
504
115
-13
-607
-926
772
-399
221
-463
-821
133
642
870
954
807
175
446
969
-837
-23
-586
-18
642
-546
-956
939
-703
-707
906
-163
294
416
843
-459
269
-487
-957
976
-816
913
-365
-97
-245
-56
363
-790
-508
-744
-102
-783
-597
627
778
-768
514
501
415
737
-770
-450
-543
524
73
454
-423
-438
651
-271
166
-741
625
121
869
319
-787
615
769
-373
141
-171
562
326
819
555
-252
453
609
500
142
659
190
-710
-40
496
550
984
220
-689
-574
187
656
-772
307
879
-296
-251
-808
752
-384
-238
663
-448
-574
-719
-900
-339
-478
-843
-926
-564
-218
-709
-481
67
-121
520
-662
824
63
552
863
-740
-480
-946
-432
-619
-886
251
137
-178
373
-393
997
-228
-370
804
556
-712
131
-474
249
897
770
-244
264
751
-417
612
-211
359
-908
-44
-835
273
481
-546
111
664
843
659
621
-273
-762
827
-696
356
640
690
-748
-871
-879
439
322
638
700
-381
-892
410
-305
-248
-164
-360
225
-127
-329
-911
165
126
-381
-9
267
-506
674
784
-328
828
-475
-827
-609
-177
142
65
612
-655
424
826
545
-199
429
600
-675
-364
940
321
-753
-770
-165
920
823
-384
144
-561
813
571
648
442
347
-230
979
555
47
111
-89
-125
833
-557
-103
246
-62
-509
346
629
999
-229
822
-164
-432
763
-739
-798
248
976
-327
627
344
406
-84
317
573
355
-476
-287
462
472
-737
-631
433
-155
-735
-1000
-292
643
-680
156
-426
163
732
-176
427
872
311
857
-197
251
-425
966
269
377
604
604
-328
507
-193
-256
154
-712
-710
741
806
395
47
-808
-851
3
201
-892
3
-609
-903
710
-369
-828
-430
441
-692
-693
918
305
-898
-320
-420
192
661
-882
358
528
614
974
951
-38
715
-64
333
614
-280
-585
244
251
637
-604
405
436
-76
-903
864
-827
834
-213
271
-275
672
-963
-449
-261
-807
290
-643
778
255
-123
-220
82
-849
513
719
-551
-842
-225
-625
618
794
410
410
-593
-771
-517
-443
-112
-873
464
917
802
791
-294
-702
43
-696
443
-706
24
-170
843
213
900
-590
-87
-143
896
-92
146
-746
-579
651
28
229
133
613
968
103
-432
173
-35
704
-788
74
-6
561
333
-440
-132
-90
-775
444
533
231
-366
-265
-711
292
549
1
-324
747
255
448
651
383
703
-946
-536
255
461
-24
-754
693
-136
-428
-986
430
539
802
359
-329
349
595
507
126
-707
-572
-230
194
811
-803
155
347
994
50
-860
-68
774
-595
-340
-67
-775
-745
-833
828
-940
647
-664
-865
-94
-34
-164
-800
76
-358
-188
214
-938
-963
-410
830
754
745
67
-959
-680
476
582
315
-810
-859
-15
-129
67
-417
-492
675
-889
-630
-395
944
-579
-925
-647
507
506
-652
674
-173
356
-907
-277
-823
-478
-858
995
-184
614
-343
236
-396
-135
-343
331
-352
-921
-593
-235
489
-324
293
935
122
881
47
-849
-745
-753
-448
130
-799
-645
-46
869
-533
874
862
-667
852
-811
781
-930
-943
772
-683
956
-997
-265
971
475
-668
-534
-710
-891
242
-935
318
-674
636
326
-977
-940
520
-670
-796
-188
-866
-117
460
29
-681
-481
-184
-814
-298
-545
444
-809
912
226
-969
-66
-973
456
664
902
236
842
784
-28
-988
-774
177
263
78
452
-990
-441
-277
523
-175
718
756
-444
-618
570
-933
-769
-860
923
-643
599
-729
-165
409
105
884
-808
-574
746
-130
-74
523
199
538
-17
-403
-53
193
704
-521
-16
844
573
610
301
173
259
-711
675
785
-765
709
673
423
823
367
-399
-617
-157
318
284
-873
-390
642
-851
8
-14
336
-688
-895
-329
631
-441
752
354
-833
468
-554
-406
357
618
749
-279
701
-647
84
223
449
946
364
769
-462
-691
254
753
370
-248
-985
504
133
-83
54
987
814
-651
728
-123
328
156
396
-457
-462
-607
740
381
882
-873
-154
-277
728
334
-973
-849
-826
-664
-936
-833
44
-763
-853
-489
-169
-489
-221
734
568
899
-200
-644
487
317
-124
-869
590
370
-644
-430
902
988
-87
105
-648
-931
250
-739
-275
-89
-753
729
-335
989
-520
484
-423
812
77
-981
611
-641
34
441
-436
441
325
-7
-539
-398
-254
-672
-626
-408
110
648
482
19
858
-453
-757
-625
-830
847
587
-819
564
-64
690
-39
-844
-329
744
725
907
-199
-627
-575
512
394
309
-839
523
490
888
-431
-872
-278
909
253
271
509
254
594
550
-285
620
647
-754
353
-724
-697
492
-945
-357
248
308
589
-878
501
-874
480
289
-851
510
-9
-395
859
-242
993
626
839
138
-971
356
471
-508
-890
-950
-1000
-70
926
754
914
746
-476
9
-684
830
928
700
-230
-288
178
303
853
887
-361
-921
-104
596
780
997
551
-847
407
-787
-545
-90
-842
-945
-846
199
398
844
-245
134
99
-971
211
-338
992
411
540
984
358
715
-234
-479
172
71
372
-767
-469
-123
590
505
730
-601
690
-904
29
-339
-290
0
334
247
-687
972
-196
-71
374
732
-113
-999
-177
-496
-473
-603
888
-544
98
-735
915
-353
-401
-283
647
-252
541
-526
-477
-530
867
158
-562
5
-638
-20
215
-69
-773
-845
549
-310
-486
-654
-382
-951
-523
-309
-174
-945
-590
266
360
-295
336
-462
-784
-836
524
-868
-319
-664
896
888
-374
555
509
-815
-890
-896
-955
-505
206
173
452
-825
-621
501
-951
-292
901
189
-548
48
933
41
-154
231
-97
510
-898
793
269
-816
664
773
-552
-605
-706
-101
212
-992
304
364
-700
816
-317
27
122
-996
253
415
-414
180
500
-552
731
238
134
-457
971
-706
285
-792
163
913
-172
-979
780
-703
863
-425
143
102
420
-991
-371
-236
-282
729
-929
13
-118
-726
-710
976
976
23
-27
-190
-725
552
-980
-732
94
778
-483
827
560
-743
-674
-370
-80
97
-998
-431
-769
298
77
-770
449
-174
-735
82
143
877
-615
-516
10
980
-883
638
686
-379
-470
-666
-265
950
760
-834
869
718
-586
-692
-229
141
-632
-146
673
-225
-353
-377
-364
-398
159
-755
238
886
338
124
645
-852
-689
875
648
430
660
-947
-452
711
957
-861
-860
-369
236
668
329
-645
-554
-788
94
-752
63
-393
-568
-87
-248
721
39
-451
636
-932
-476
752
610
-561
458
-184
348
84
540
-904
784
-711
-413
576
-134
921
-536
227
-229
-425
477
676
441
-394
508
25
-551
-877
-181
781
435
97
534
160
482
362
586
811
547
-768
-665
-416
150
535
256
242
443
-711
-175
-45
248
236
51
-268
753
204
-397
18
490
458
-699
-136
-845
807
767
794
-502
-289
-658
-26
387
-28
469
-341
182
-194
663
582
676
637
167
689
-33
990
-801
304
-962
-172
-684
360
15
194
-495
-599
204
-800
207
-144
-577
949
-525
627
-848
-368
-703
384
435
335
-625
-477
632
-485
456
-640
-908
-374
-980
-24
-417
-327
-519
291
-343
-142
337
-774
55
349
88
-851
75
-723
-183
236
-458
-274
765
-689
759
-214
300
797
-341
162
949
452
232
579
44
569
-97
314
964
-717
505
-766
442
-487
215
84
791
654
434
-397
720
859
253
170
888
-451
-104
-914
864
-724
-128
766
-527
-530
-88
90
641
630
495
-421
-219
723
796
-400
602
-168
-877
-50
792
-26
28
999
525
62
88
560
813
-428
-891
333
-280
-457
-578
836
411
-141
21
-442
545
-936
-407
-296
-401
842
-689
338
-589
-178
-825
-77
-65
664
264
-918
544
781
938
-223
482
929
97
565
-776
128
723
-980
178
-487
792
-698
-960
149
-17
858
-270
-882
344
237
-64
395
472
-621
296
741
-503
-433
-545
-8
-23
465
-367
241
-599
198
764
709
-23
970
856
501
-615
-747
461
912
349
-859
386
-158
534
887
229
42
112
990
850
-726
-245
-653
746
-746
102
-223
64
-588
-233
689
-286
-643
-76
240
-164
392
-838
959
581
37
739
668
-440
442
-415
-937
437
978
34
969
578
541
488
822
612
95
-897
-826
797
-781
737
767
-283
530
-250
686
-775
241
-85
606
-370
-211
-554
-620
482
255
126
-549
672
443
-310
-437
-126
700
-285
251
-373
231
-311
297
882
572
-688
-569
869
-572
9
692
-176
-109
-79
-616
881
-478
-619
356
-303
245
-884
-984
-139
-49
874
-376
-912
-637
-483
-525
-851
570
940
645
67
-264
528
-626
815
903
-827
900
577
-165
609
645
-500
110
527
-131
-593
-311
-105
863
539
-636
-673
9
-885
-100
-134
846
-941
461
236
527
475
-505
730
-968
125
-50
-164
478
-47
-374
-994
-487
-129
662
978
-816
-681
-972
831
52
-826
-736
586
24
626
-510
64
-522
981
536
343
713
618
-177
678
910
119
616
439
360
914
283
22
537
476
861
866
692
365
-664
446
194
11
173
774
-237
451
-385
358
189
42
880
-92
-49
-422
-587
-490
-122
-703
-917
875
-505
-498
-425
-998
529
709
663
10
-826
311
-950
627
486
36
-674
-695
-15
-26
396
-820
-286
58
101
478
472
-284
760
231
970
-573
-44
-184
-172
-604
301
500
-420
528
164
574
743
134
-436
19
-127
886
-54
761
-224
-414
-818
-37
-159
677
723
-564
71
846
477
-912
-709
-919
542
107
262
110
779
812
-937
-366
536
729
380
618
-735
104
490
-490
-70
-412
-731
-854
-254
-227
499
245
-461
-488
-878
922
-8
-82
294
-471
128
-540
-109
-594
-175
965
-89
621
-166
981
-272
740
333
-875
-11
686
956
277
402
-319
-25
109
75
621
-965
-542
-878
203
578
246
-131
-821
-658
-195
218
-993
489
-201
-503
444
982
813
521
256
398
-662
276
-519
-539
-693
-869
162
841
-754
-155
-52
802
720
-324
289
-411
-195
191
-713
306
-461
-153
475
770
114
-27
103
-468
-179
973
35
-624
242
-327
-262
-828
-935
925
-834
808
494
-544
134
442
780
224
-512
-885
457
686
-69
-402
905
145
455
-114
-817
610
157
465
-790
99
869
-432
-5
-865
167
995
-992
-784
798
388
630
-782
-330
607
-527
785
-665
299
10
-897
665
932
-624
-932
975
402
-835
691
-763
-23
-734
-447
-970
720
-700
-844
-876
277
-845
143
892
81
-975
-348
-17
-718
-437
-883
36
117
7
-51
-763
152
466
838
-140
392
-768
727
-924
700
573
679
486
-221
-469
-513
759
-618
107
-777
-519
920
829
100
-409
879
384
454
592
-623
851
839
-939
992
-575
-80
-805
-756
-107
83
-694
-61
-176
483
-551
-132
-891
-502
-79
-245
-466
-522
-936
-753
-67
-384
-187
102
-924
-475
-170
910
-524
462
671
-714
904
-649
-813
949
-794
-496
-330
615
-428
789
543
828
-706
-623
-684
842
252
851
481
-899
46
-829
-296
-205
-723
490
-468
193
160
-199
-211
-399
231
719
-584
581
-422
-771
-980
703
-118
672
559
456
300
-38
-383
-645
-375
440
-653
961
68
-636
217
223
334
413
425
11
615
-331
-763
-764
312
566
267
335
-514
600
-275
604
-995
438
-293
-663
934
79
-621
-364
17
-478
248
14
567
-264
-901
270
-972
660
-856
785
-508
-363
683
194
819
710
274
-409
973
-274
-946
331
-77
588
277
-72
328
-866
298
-942
478
-585
-586
965
-343
878
451
-972
-377
-95
953
-321
-373
-466
873
-939
-909
856
832
-990
431
-273
560
-916
-686
-130
434
597
-599
236
-616
976
261
-198
221
483
-573
572
-248
980
-702
680
-787
854
961
-242
-275
-163
727
625
544
675
-705
-165
-152
242
984
731
930
653
923
874
603
158
-504
434
377
-77
-742
-990
-214
-655
-662
974
846
-84
-884
-10
-731
197
-208
-959
-528
4
499
676
-521
234
391
0
441
-313
-680
95
-159
760
-483
-99
-575
0
368
974
263
-818
300
230
97
-364
-139
-921
-885
178
779
518
-898
584
762
-82
759
344
811
-316
748
576
207
492
372
-594
659
146
804
463
555
802
738
-335
-802
-974
-754
312
791
163
-762
142
-626
-294
660
-911
529
324
443
505
-830
-78
125
-252
-494
-667
-442
26
-857
250
-134
-167
-907
150
747
-415
587
822
475
-976
217
-506
-764
-4
549
94
653
187
731
530
481
830
776
980
-971
676
-694
684
-716
-237
-800
-547
-121
-932
-158
740
889
957
-871
-134
419
338
309
346
223
445
824
587
816
-223
811
-16
469
-15
382
311
425
-897
457
-244
953
-505
-567
-723
366
-587
-611
-762
-926
183
91
-426
-803
-205
974
-179
-121
743
-881
-440
-894
-408
-220
808
318
983
-276
460
357
822
491
-912
-147
384
-841
520
225
-498
-500
598
-183
-627
-707
-683
-631
-854
-216
-911
260
769
740
948
128
166
-701
739
-96
130
771
-272
773
649
314
-86
778
-829
498
-220
382
884
138
-165
-226
-912
-542
866
-181
-13
339
806
-963
-198
976
673
-259
-700
812
214
252
636
-702
174
517
-29
566
892
794
693
-430
-283
260
-197
-980
-410
250
-553
761
378
614
129
225
-292
590
109
721
993
143
918
987
236
476
-345
208
-9
-774
550
203
-744
881
766
-486
655
430
-862
955
686
-779
959
-450
-646
-141
-535
216
-217
-918
199
-643
-124
-490
-751
-923
963
-411
367
58
293
771
25
-227
-81
-814
236
-153
482
793
-116
-516
-780
435
-719
-797
-554
448
-833
-313
670
-120
-24
-812
517
-336
-298
185
-366
900
191
186
675
-416
-964
317
-610
367
664
-287
965
893
-447
234
674
390
-520
-290
-596
466
-847
635
-731
-648
784
453
647
471
41
-162
-321
472
-236
269
-621
-225
417
-801
-811
-699
-487
-72
-586
-598
156
20
-544
204
942
-766
242
101
461
760
86
246
527
-757
-459
-925
13
-447
-312
-469
-585
163
170
845
-670
-267
-348
-889
-734
-678
-971
630
615
-191
796
843
-342
331
132
884
-840
-157
34
-794
-71
491
609
603
-563
-576
-156
-966
823
614
137
-115
662
-903
720
-397
-198
813
538
-497
-204
914
-476
-363
-225
-982
742
-468
500
-901
-124
-320
541
472
916
648
-377
242
-727
-27
201
373
490
-899
-176
125
-662
998
301
347
798
675
364
8
-676
389
-765
-373
-641
-721
189
791
-56
131
808
-486
-229
38
-969
112
169
485
-161
295
297
402
118
249
195
-293
784
555
215
-43
-384
-416
-152
782
-983
-274
78
-51
-103
794
809
273
-163
-66
896
-75
609
52
882
976
114
666
745
891
-909
-105
-376
639
560
-550
-528
945
556
-103
737
-916
900
689
308
159
-561
-95
995
-204
-802
-277
-880
398
-218
627
-939
-397
-625
698
-857
583
-303
418
437
83
-168
582
305
235
79
-846
909
-254
-995
947
454
738
505
42
-194
692
-2
-979
-642
717
380
6
-990
341
694
-680
-386
179
-240
583
454
-262
876
830
-891
-770
542
907
656
-59
-428
-559
-270
54
-605
-504
441
706
-698
454
428
347
-823
-978
-61
531
343
-923
-581
-406
639
988
-787
-737
719
929
449
995
180
-678
299
502
-731
-414
-186
185
-612
-391
-850
779
-141
-237
705
-969
199
-321
22
-399
-21
552
-798
-690
-770
497
657
-117
964
-830
343
26
-974
-632
-591
-841
443
295
309
-594
-673
985
937
-245
-793
288
-535
-210
892
-515
98
-952
647
-937
-298
867
11
246
271
835
-553
-809
299
215
-467
-175
-131
183
-78
-814
-916
193
-49
-44
-484
863
-971
896
717
139
-424
-460
929
542
646
23
903
303
-789
856
679
-54
-372
102
513
299
9
484
442
738
-250
876
-451
432
481
-75
-869
-894
-112
435
965
-108
742
-582
-669
-158
-665
858
845
-943
627
488
27
-390
-767
-179
55
323
-768
468
210
-902
-210
-217
-759
-397
-677
-651
599
353
548
351
206
590
-343
-301
164
-285
-655
-83
674
-866
245
-698
-664
-884
-534
-899
-545
-367
60
733
-769
-63
-177
496
-710
913
14
346
278
622
412
-297
729
-177
479
384
-637
211
-960
-387
-412
639
676
-701
-302
273
-796
-220
139
890
-922
12
452
672
-859
-657
-146
-266
-39
202
430
669
165
-526
-78
-767
-216
-811
451
-347
-116
-48
-110
291
966
-479
-111
-21
167
-24
-991
-513
246
151
57
-907
949
-293
-516
-430
-238
-972
-649
-620
-572
-942
-630
547
543
-807
-77
-724
210
-565
678
-576
-21
-964
-15
719
-733
327
314
464
-621
287
298
-863
-41
-103
503
-73
-865
994
-708
758
-929
470
-221
-525
-47
205
916
-835
-464
-305
753
857
544
-430
872
586
724
379
602
59
540
-908
662
-183
-394
530
-819
-296
113
238
-446
178
992
-997
-904
-840
-212
884
-165
-308
-262
378
-179
222
-924
-12
-785
-888
-803
214
828
-640
-855
569
-702
-443
289
-161
-859
259
-44
-431
-518
-871
668
-859
495
-367
400
-410
-878
-737
151
378
85
-729
825
191
-359
547
-608
-367
-92
198
275
262
-86
-340
-886
-5
-830
-493
-229
572
289
818
-28
-374
-630
-649
-689
-656
-212
-768
639
273
418
576
-431
389
-707
648
340
517
579
-824
-669
927
424
-686
857
773
-801
664
-237
-802
921
-296
591
458
-304
-599
354
-439
420
-591
-255
862
-191
571
297
-738
-507
574
-857
482
-215
89
-969
-745
-744
-216
-729
745
332
-240
-880
-948
-375
280
869
936
-221
-924
-826
-233
-875
-224
-504
-91
776
416
530
-570
-298
-933
-309
213
-126
470
608
-105
-962
115
560
342
487
957
580
-477
-866
711
-739
-91
931
370
122
712
173
16
225
-175
737
-95
-264
-908
226
687
178
93
907
799
-653
131
-942
813
509
94
234
302
-44
-155
233
-838
-265
-761
-138
979
706
19
-195
-903
520
-373
-562
-137
-699
-21
324
-783
760
69
-554
-700
614
38
-488
644
454
246
-997
774
-790
-400
656
911
-839
603
-95
-408
-625
-88
-964
425
795
812
-94
319
775
974
587
-59
708
989
815
326
534
170
-513
362
215
325
600
466
937
416
807
-531
-998
-125
-997
192
956
612
437
524
759
-639
88
341
-622
-477
-758
-295
66
573
237
670
-558
357
726
743
41
-132
-78
-1
684
-100
162
646
29
-637
-387
-988
-623
896
645
128
-44
809
864
448
-748
980
788
-270
-772
147
471
-65
-44
-138
-836
-943
461
-314
778
-426
-422
-492
265
57
843
895
742
258
421
-198
242
658
691
-786
837
-662
-233
-762
-352
260
917
622
-254
-197
-73
-533
-375
-233
576
788
406
596
814
-251
-317
733
221
-615
601
-796
-312
784
-207
-838
-603
329
677
-340
71
-105
909
600
735
-624
876
307
631
668
-996
-466
32
919
-416
-205
-200
-164
-319
400
-626
-178
-275
396
-246
450
-749
429
-505
-265
290
817
337
-959
436
-207
-403
221
287
984
57
534
598
319
808
-893
-852
531
777
503
7
437
658
468
-124
-890
-489
704
853
344
-723
224
-640
-640
-698
-950
215
-814
-896
-445
499
875
234
35
-836
-336
636
545
-229
435
997
12
-754
-375
272
944
-743
229
338
-331
647
51
737
-211
508
-575
811
-516
-715
807
-715
-226
792
361
457
-224
-265
184
-711
-25
729
839
220
-881
103
514
772
722
871
-96
744
910
-43
-111
883
-109
-129
-165
-656
111
299
-149
-66
355
-66
464
12
-829
-640
-967
12
418
-889
365
-401
-447
785
580
-327
460
-129
-865
-681
-988
-685
-342
634
455
964
-830
772
-49
173
466
-947
-97
-437
-331
-95
-639
-409
970
836
593
-247
129
334
125
478
-579
792
-383
-20
-577
486
-76
-716
389
-291
-998
393
469
514
-151
525
-604
-205
185
729
656
29
-696
-239
-744
819
-714
-532
237
484
261
414
644
226
-28
-64
-485
397
484
112
67
773
-272
-59
-261
-235
102
-982
-417
195
-921
616
38
-549
653
113
-280
717
-805
-873
60
-290
-243
-967
-977
912
131
-435
-824
98
924
-361
897
51
548
295
-789
-429
122
330
-356
996
-717
791
-163
381
-386
211
868
-40
-34
-934
-208
506
775
883
-311
180
524
-403
601
978
-165
986
952
-866
-251
351
9
-313
-709
224
-94
-824
264
569
513
-630
-833
-468
38
545
-785
816
-453
743
456
950
-665
-98
893
791
-125
965
502
873
-201
-631
-593
15
-539
-68
568
-458
719
646
-839
794
-785
931
-312
-189
-535
465
664
689
704
173
-640
-92
959
846
-415
248
-839
-385
899
-825
820
46
988
698
780
853
-342
204
-728
666
-403
944
484
-60
960
431
-414
-50
-111
-41
-576
-328
-480
420
322
-361
864
-275
-864
-242
950
640
213
-464
690
280
-444
-561
628
-680
495
968
997
27
-407
883
-443
-634
425
945
871
432
58
911
-165
20
983
-368
-449
-444
-787
-857
801
-952
-208
971
200
-518
-600
517
29
-233
-140
-935
499
-662
32
-643
-438
-762
-16
107
377
876
875
184
-487
-792
193
-240
104
108
321
988
105
299
552
920
251
524
923
972
284
-841
468
-605
-731
-800
-833
77
509
994
-626
-667
-299
117
-339
820
955
-189
-42
-618
-892
-622
-395
-548
947
722
656
-325
-153
563
933
119
56
-115
41
-705
104
17
-762
-23
-999
274
-41
92
429
53
-720
-226
479
368
-235
-783
