-241
-321
-234
-249
926
-96
788
-534
428
-738
826
140
-687
-163
797
376
-309
-653
947
-373
-147
-637
180
-407
-60
-541
206
-963
-143
-236
-362
-944
-139
33
-904
155
-349
-916
-155
-754
-157
-615
-682
-740
-87
63
-447
242
-446
-111
-732
-648
541
792
-721
772
-135
-15
434
204
-863
-517
-380
-23
555
-118
-1
47
517
309
641
-314
403
-526
336
83
-911
848
178
529
945
-397
17
243
186
725
879
-195
732
-153
-462
757
-547
515
521
565
-502
-247
-925
-249
91
-353
-534
910
32
63
-518
875
184
-773
241
733
-854
-494
961
-44
98
293
-33
-422
-751
98
641
957
421
-957
-677
39
-241
-14
343
975
-624
443
-331
-499
-591
660
340
-869
832
-22
-559
-167
-111
-737
-151
-481
273
-780
856
-926
526
184
-99
-154
-277
534
819
-956
-228
-796
397
230
-116
-954
-234
612
959
-907
634
-637
-793
159
-657
-210
388
-759
-442
-810
-588
-814
-711
861
955
-85
-679
453
-944
279
576
671
-412
743
996
-803
-347
-687
-736
218
-265
-116
-848
-148
-435
623
-74
663
482
-445
353
513
-458
-935
-144
298
476
-23
300
722
168
-197
921
-899
989
-157
-343
439
-110
640
127
-234
5
533
-465
-756
30
805
460
674
872
52
72
919
559
-759
802
-405
274
219
398
641
-940
-92
-591
388
127
-328
5
-355
-938
772
-263
-86
945
380
300
385
415
62
909
-330
-339
489
362
807
-611
886
393
-876
-926
-594
-937
-264
-415
-622
-888
298
-550
113
600
-579
132
706
-709
356
-493
-401
625
782
-516
-583
136
171
600
469
721
-844
-996
-172
275
270
323
776
-97
152
585
212
954
614
878
-324
370
563
566
-528
940
500
42
-822
768
-362
605
569
-305
870
916
-951
-201
796
776
988
-110
-811
645
-683
67
-306
722
224
-558
-81
-794
848
171
411
-855
916
-172
353
859
715
-980
-30
-665
408
-424
-90
-128
-682
926
-658
7
-668
-425
-458
802
749
-704
993
-670
807
-899
93
-886
134
579
67
370
606
620
651
984
200
463
689
-816
899
-31
-445
-450
-854
-14
651
360
-296
120
-726
906
814
-719
-616
673
-202
-297
807
999
-676
-287
-333
178
-811
113
-2
-334
772
999
-493
118
583
576
573
-62
78
285
16
30
-50
188
-942
560
-566
421
-139
379
534
564
-519
101
-118
844
-190
-499
242
648
-485
-311
-167
221
-879
-588
-759
-533
-593
-742
-552
604
-947
-132
247
805
15
745
295
-477
-134
-118
-697
591
-943
-805
359
-878
415
-945
853
60
-227
-812
314
100
457
908
954
876
-833
860
-376
915
-871
-275
-981
-660
-466
-830
397
233
425
134
-643
720
561
237
437
-737
398
-859
-702
-324
78
-735
-442
779
-398
385
-682
971
-345
987
780
-393
529
507
-690
-824
-925
262
-922
-585
-296
264
-700
611
-545
-48
273
569
-117
550
-816
922
918
-283
614
633
-54
526
193
396
470
910
489
-301
28
625
826
860
-877
-651
-814
-594
764
-351
-902
0
-198
-93
-699
-290
661
903
199
-370
-894
397
836
-861
-806
-766
-634
813
645
944
86
-230
38
740
967
-38
186
817
-727
156
766
-458
-567
-919
-902
862
-733
-459
536
-107
-669
-904
120
55
319
-308
-634
223
392
988
144
797
-528
342
942
-123
367
719
348
-627
983
260
-169
-53
-765
161
928
-805
-281
-155
-43
-211
744
383
500
-962
699
811
-288
775
-944
680
-954
292
805
-157
948
-99
220
-988
-607
-407
342
372
-936
855
77
-941
898
790
-530
846
150
437
-466
586
-374
-830
-57
-175
464
976
860
-755
985
307
513
-767
-622
654
-824
-680
-860
-705
573
-938
29
-265
466
-747
410
-441
-120
-170
488
-583
678
-167
-301
-530
299
974
-861
-688
-700
-778
-808
410
-518
-76
991
-199
430
117
152
153
-921
-140
-903
362
-459
-463
47
-849
219
-369
542
49
608
784
5
-401
882
218
517
3
66
118
790
-890
216
912
655
-788
-261
3
734
-782
-480
86
743
954
815
974
-875
-139
-489
-537
-321
-985
921
917
-342
-333
732
-885
49
654
-702
-111
-879
545
165
225
-788
-76
522
-102
-585
69
38
-32
-877
273
-734
382
737
-961
-949
-249
630
626
371
-362
-289
-161
-535
667
952
-286
57
46
919
-326
936
83
-875
-103
576
724
185
-702
948
-384
-342
382
-255
917
690
766
-473
-788
-604
-615
-377
-311
498
-770
-955
-81
-388
875
-263
710
512
455
-673
751
-341
-886
156
224
-728
-114
-854
51
-90
-250
-226
-105
743
-727
635
902
-106
-447
838
-965
-539
-201
-621
84
-614
893
848
-870
615
349
941
515
943
-98
801
326
429
251
82
286
758
975
-563
4
623
296
911
-700
-895
-691
-95
828
-440
-720
840
-601
-291
507
597
934
786
-974
-448
-818
-551
42
610
-462
-106
825
-3
-520
37
882
567
-287
-545
794
384
-610
982
-546
-183
-608
117
-853
-106
103
453
881
587
-316
-798
521
596
-47
930
-331
485
-883
-373
-460
15
14
-745
-381
253
601
-334
623
657
350
-666
494
159
-915
-182
-644
-432
-782
-761
-60
-592
-890
536
623
740
716
-530
365
-818
-317
-108
-686
-816
879
-623
-321
-812
48
771
-813
438
153
75
-803
-550
719
906
-788
-408
-460
-194
-208
-142
-661
-93
876
979
138
61
-121
-343
915
-783
554
483
-512
443
-372
239
-711
-95
-40
28
-589
-720
699
415
618
933
-797
-86
-90
-917
-234
-785
-768
225
-432
-562
427
467
234
-555
223
461
-611
860
383
-940
940
76
-695
434
-262
-853
-798
675
-284
-26
-883
-65
-649
818
6
-372
746
256
623
-196
957
313
-440
-246
-271
872
9
-85
-666
-493
-826
-382
-93
-830
475
-270
235
905
622
544
350
-791
505
-979
-20
-914
715
-456
-502
878
934
-837
300
-589
638
631
-962
621
881
-632
628
350
-153
655
-216
390
660
149
-435
-175
-561
161
-705
212
-109
674
276
447
-682
-619
543
-487
-732
-737
-581
-542
-834
697
-840
465
-622
-206
-942
457
-622
-710
167
-533
208
30
-73
472
543
-432
-691
-31
464
-846
931
784
779
-196
80
193
-254
6
589
527
886
-666
-842
738
-763
329
-179
-71
635
-226
584
-732
-657
-125
-421
-966
731
90
-839
-243
519
472
604
-959
-562
224
829
830
961
978
-924
202
-50
314
951
802
-809
352
488
-680
264
292
-670
562
417
-727
945
767
445
278
-820
125
-465
-468
-871
141
-155
-621
142
-678
-110
593
-857
-526
627
330
441
-352
-881
636
536
777
314
312
-442
-618
-695
451
-561
-501
-300
411
-47
-343
-154
-696
-421
893
734
-343
582
134
-411
453
-535
-2
-531
-383
427
-466
85
429
-624
557
461
413
10
-97
-839
144
635
-301
-303
369
-447
142
86
-592
978
906
31
632
-976
95
-670
-697
293
-575
139
947
-588
-709
612
864
-453
46
-970
924
-239
-452
757
-969
-228
222
669
699
6
351
603
818
167
-144
-906
932
-634
207
232
-19
274
-345
478
-46
-577
310
271
-628
719
816
816
-458
-459
-558
-919
728
-765
-159
-851
901
322
432
485
740
-343
-66
-988
-306
-137
344
276
941
239
834
100
-903
706
-320
756
946
-694
-117
50
226
-557
628
-923
693
-483
-941
257
-676
-723
-870
-547
737
16
644
90
-751
193
-234
278
83
985
838
-781
185
171
885
-990
-947
911
-35
220
868
-904
759
-540
-158
87
-900
207
-386
985
-201
-981
455
929
750
-116
-327
-897
-761
747
932
-350
815
349
31
-144
306
125
-939
334
-495
943
685
-966
741
-139
-802
384
437
149
-720
-324
918
894
-169
-167
696
-810
-793
-706
630
681
-445
266
-284
346
795
930
-764
-308
-348
909
-266
-178
851
225
-619
812
733
-953
-151
60
692
-802
-862
871
-582
384
-166
-56
-651
410
-652
215
182
-109
484
-768
-258
-537
-464
422
861
-789
-257
-620
-628
251
407
101
440
-222
766
-741
65
506
909
-778
180
-772
-156
-692
290
-570
-356
710
-272
-548
851
167
-819
571
876
-406
-748
-652
-173
399
-292
-676
28
-952
-310
-561
-481
-976
290
-610
-529
-704
528
-666
-65
-74
-320
810
-194
-718
-107
-694
165
294
-517
334
656
-998
-90
592
-75
-862
90
692
-989
-40
430
335
-180
428
799
851
-759
-671
894
-858
-502
-899
249
851
-835
356
-511
809
-597
-681
-747
-117
-902
38
-833
-733
520
220
-798
-303
-725
-119
-439
229
490
-77
-15
329
200
937
82
-62
544
-610
-781
76
-613
59
-935
-611
220
-916
890
452
-361
781
994
-185
388
-480
206
-445
607
-252
-699
648
-6
-499
-716
265
771
-145
-251
576
-63
197
281
-911
822
-231
846
-973
442
765
-121
-607
-827
360
805
100
86
-198
738
509
-684
-188
-299
-455
-809
-389
-145
478
173
372
125
-820
476
742
-33
735
326
-543
-821
-979
487
763
239
-579
-189
889
-379
-42
-679
806
-369
-827
81
151
721
916
-269
201
500
761
969
315
552
267
703
-986
228
-88
-119
-784
-146
292
93
126
197
768
-991
-351
-70
-941
-895
-446
305
85
442
397
543
-400
-657
334
-953
-533
-31
876
-167
350
-339
152
-992
-563
737
769
-560
724
-244
718
-591
-724
804
-471
-800
982
-160
-885
199
-957
582
558
161
-777
-622
-711
180
287
-166
-343
-361
-630
-501
-487
-469
-397
-734
866
304
877
-16
-304
689
-598
413
-564
-43
-720
296
345
-376
-280
-614
423
-616
-790
533
-763
942
210
-208
-273
-536
245
-202
-636
26
88
449
612
844
-124
-947
-413
193
-131
583
132
612
-462
328
490
355
-183
-505
942
26
559
-6
-374
105
537
678
-814
834
747
-323
433
-50
119
173
219
653
-42
468
-686
296
100
42
-495
352
780
-881
-323
-92
570
878
-984
-491
-322
-799
438
384
-620
625
191
-45
929
-82
-774
-637
744
609
508
519
832
697
-281
-954
-418
-600
610
-968
216
229
240
-651
-13
663
-376
873
321
145
837
-128
-814
-510
240
-826
-47
909
-294
-598
355
-967
-583
957
115
-929
-909
989
454
908
615
194
-540
852
216
178
34
751
-220
-118
790
484
945
-31
-75
-915
571
0
-272
921
-70
-844
-950
574
-665
723
-215
224
192
545
-971
-491
-241
313
990
-217
-908
537
-4
43
461
273
247
403
816
269
68
291
-299
-802
-480
121
227
-853
601
-824
671
20
774
355
25
-854
-925
149
171
874
341
274
-649
113
934
-954
-317
895
-151
893
-560
995
39
-625
-441
-397
303
845
861
-504
-139
456
-114
-155
-686
989
701
-197
915
476
-881
935
831
-870
-56
24
-489
-750
-468
688
-795
20
-253
50
-718
280
577
-285
686
-106
-761
-774
940
-906
740
-805
-777
383
473
171
-396
-518
892
-393
-631
-37
-595
-540
465
-229
850
-46
-919
-419
529
554
24
-227
383
7
-807
-380
474
-932
456
-818
760
-72
218
-229
351
289
14
624
-532
-333
54
-910
51
676
435
-15
-704
3
441
-710
561
-938
-757
-395
820
402
-278
971
26
-667
936
-584
-648
-34
862
777
442
-863
954
682
2
-935
-27
338
-940
-262
-775
-914
-745
41
-697
935
-338
974
-164
-172
10
275
-70
274
-421
608
452
490
445
-347
273
-548
-347
-342
890
-409
225
-562
-359
-487
181
-725
-642
-706
444
688
-170
835
-892
-734
212
-10
757
223
-971
380
805
245
-340
371
-788
-294
570
-883
242
-399
56
266
-643
-615
-415
295
229
-813
-595
-261
-988
861
504
-159
654
-968
437
-221
-567
998
-652
-806
833
-507
388
889
133
-394
50
-892
450
-540
92
914
113
-968
723
-426
291
373
-951
193
-467
815
-515
-811
128
-248
-960
307
707
-774
537
-628
991
965
-337
758
684
85
833
39
-77
62
-51
-435
-234
-989
-220
724
513
-321
288
388
-158
670
826
566
6
901
832
839
-346
-726
56
-486
-335
-474
-458
688
111
-843
899
-117
844
-477
-909
455
-970
-588
-72
-267
731
101
529
11
167
691
755
315
781
-226
341
-198
-191
193
297
707
-383
187
-765
-250
-618
665
63
-917
12
127
900
-745
195
989
522
-610
847
-70
936
-223
564
230
947
318
515
-716
-97
-664
-951
276
70
-41
-992
476
670
362
612
213
-833
-940
667
329
-725
-305
263
418
645
130
249
-959
-83
42
199
621
653
266
-160
-468
511
-102
-714
-514
705
261
-694
472
-719
462
-162
190
-298
-930
759
886
-128
-356
687
706
146
968
-422
938
-380
-475
-988
49
-134
-548
-822
-693
556
-698
767
-217
-197
793
-817
-815
-500
182
-302
-927
-789
954
-366
601
218
-833
-346
-497
128
53
-922
-977
660
379
-822
-546
-253
-1000
-189
874
-732
-533
384
333
140
683
682
-871
-112
695
-808
-534
-394
412
-781
177
382
447
-467
560
369
-493
-936
-822
153
-872
288
-808
-244
587
773
-905
310
626
-591
91
-490
578
-622
897
162
59
64
-504
337
-635
421
-756
156
-510
-726
617
897
240
-585
114
-321
-735
-443
580
58
764
-439
210
474
709
272
-938
319
677
976
-880
280
-809
554
-848
-457
-455
61
608
-621
-824
65
-11
-248
318
132
-559
373
-583
-987
257
-568
-706
918
881
965
810
-179
-811
419
-204
-35
55
787
829
571
-783
732
-351
-792
-250
-448
-657
937
-259
-155
-534
78
-799
517
606
432
999
-393
-721
394
831
359
846
-469
-153
-154
-940
874
-678
748
739
42
-672
399
-264
656
-402
-327
382
739
635
-740
-297
-381
-785
810
135
-797
-689
822
-286
113
-244
994
-803
-150
983
-720
858
-186
928
-260
-501
-164
-302
-717
875
360
-141
-195
140
-70
-721
-934
-942
253
679
-690
-463
885
354
623
-57
-878
936
-629
-218
-952
-948
832
620
742
170
473
11
-493
-486
-432
-195
-609
-630
550
834
-853
111
868
-784
-962
-580
208
909
-907
54
703
161
786
293
-450
-211
626
232
737
-874
747
271
915
-558
430
-394
11
112
-682
871
-625
-2
-301
-949
-427
476
-647
-494
393
-226
462
-986
680
617
-707
382
-271
366
-768
-349
480
-522
239
-657
730
886
-616
-737
-932
-93
-972
-251
384
-634
-478
484
752
318
-648
423
-274
-391
-152
-681
-125
-683
-597
492
686
211
-84
109
-350
659
817
186
-302
-311
669
-888
-444
-472
-917
378
-656
299
-972
534
125
682
-34
988
-962
-94
843
792
-866
301
951
791
-215
194
-179
526
-276
100
958
168
994
-399
-223
611
-216
-630
-343
542
417
-48
-283
-616
-456
-593
175
-608
832
13
-540
-73
664
-492
567
-679
-771
-102
-123
441
354
-650
-695
-727
506
-286
228
-319
-296
714
-406
-980
631
81
-675
753
-180
-318
-619
850
560
457
-572
15
-766
427
-338
-170
-588
276
671
-640
488
-318
910
649
-197
353
-156
350
789
-673
-406
545
-110
333
-671
522
-110
-732
-431
844
664
-303
275
-910
-744
-913
-82
665
-553
472
239
810
-727
516
-38
462
668
-836
485
541
844
247
856
-72
291
811
-51
397
686
168
-209
-608
711
794
-936
316
-698
-403
523
216
-8
726
42
-49
72
580
-778
473
46
-634
165
331
844
66
-940
111
252
-750
148
-151
-452
-204
282
110
-549
48
669
-790
-417
452
-982
-347
685
-770
-686
696
303
432
611
-465
173
-362
891
666
-157
-994
-833
824
-702
-447
615
-475
803
912
-181
735
910
305
-679
-128
676
-625
300
-627
-932
340
-406
387
250
569
-952
-17
-815
905
-541
462
623
761
821
354
-919
353
-266
526
667
588
-681
-470
-764
223
-544
401
287
-549
-852
-767
-621
181
-488
-298
-286
-404
549
-424
-990
506
339
663
-48
-999
-476
478
792
317
367
950
-858
846
287
-797
719
236
-737
-421
852
-350
-300
44
-332
40
-971
898
-296
-613
-953
171
-410
416
763
976
-48
889
162
669
-975
-422
-261
444
-207
-743
368
392
158
-243
228
-85
-876
-244
-611
988
-957
-314
227
427
-716
-873
-685
536
821
-976
-329
-547
-903
41
-472
-939
-464
440
956
-758
108
71
-169
-111
-588
665
890
544
597
-28
-14
695
-605
-523
440
168
-83
789
-902
-611
92
534
966
4
-434
-160
-474
-692
-982
-171
-666
-360
389
554
119
274
-324
367
916
228
798
887
626
-766
-155
444
178
-348
67
985
-182
772
-346
-766
-293
448
-169
-21
-621
-165
-263
-190
180
-455
460
-360
-140
801
-386
704
257
655
-334
33
30
-969
752
493
519
-432
-652
493
570
-24
763
-994
-837
-306
979
-220
-356
697
222
-481
-944
-448
537
-443
-945
983
811
-111
818
-521
236
202
705
13
-457
-901
-571
163
478
587
240
501
531
358
967
-431
496
937
650
-24
-158
-359
635
-479
996
-319
-997
948
-197
-766
424
277
448
533
-357
501
805
512
296
92
98
238
-881
472
522
317
458
229
963
-139
-702
-309
237
556
-273
682
-955
886
-606
-627
-704
-182
-708
757
-55
700
540
-211
-992
-325
-771
826
-385
941
-635
-688
631
-453
-263
-781
359
305
134
-452
336
-307
245
302
-917
-281
711
-831
673
-923
605
590
182
-581
168
-789
-387
-728
-987
-243
659
-235
-185
312
-187
524
-6
706
196
13
907
157
863
387
-104
592
-339
-215
-362
-973
-110
-380
-209
-409
612
-986
428
-715
168
275
502
-139
-961
-136
884
-341
861
301
-515
-280
-839
909
720
826
-954
593
522
-400
-809
-809
-912
311
-723
769
-856
-329
549
176
-731
988
275
-748
292
-171
-711
762
622
-772
-121
700
-850
777
-506
64
-390
970
144
-572
-17
732
-937
188
215
54
-114
629
407
672
-771
-538
847
219
-225
-562
-277
-397
-570
-195
-468
-523
-631
-860
-455
740
253
-753
412
-508
-396
-131
-742
-963
-921
-848
99
-256
79
295
-454
-590
-844
121
895
-657
-217
910
-659
995
584
433
-200
-464
453
-895
211
252
-416
-399
-157
-545
-243
-223
-338
-823
-347
469
391
-999
-967
-263
-692
498
176
-217
-729
-534
249
-231
-737
-8
-185
-682
5
-235
229
-610
-680
-868
-418
135
-128
116
-673
-502
748
-563
-297
-799
-550
848
-698
335
225
-974
300
414
-129
-423
210
-69
121
-225
51
655
-388
-253
-167
932
704
-935
782
-103
-815
-824
189
-212
858
658
-442
-606
57
-177
147
-634
-211
-136
-761
-828
600
-359
-82
-787
818
993
-572
-333
-12
662
-806
961
852
-575
-759
-457
339
-320
11
-42
-359
-742
535
336
547
114
84
-990
928
211
-201
897
-251
172
67
-609
481
-179
942
-159
801
-958
45
-932
330
880
969
-311
-905
326
-793
-41
160
-440
-841
5
-542
-186
-405
-864
219
404
619
113
815
982
-173
70
-277
-439
-431
359
970
203
-115
-206
271
-549
688
5
-67
-142
-929
835
850
-587
-271
901
683
371
-774
-321
-672
-991
-188
-202
-185
731
-749
875
-347
885
-762
-943
948
-89
-501
-887
788
267
980
804
-712
961
95
-840
-338
834
-359
445
916
351
-90
294
-290
783
-508
154
-179
355
593
611
969
983
-624
401
158
482
-730
362
-632
582
-353
-217
80
19
-415
377
499
-274
-494
-448
586
345
-9
603
-139
92
596
-819
-88
-308
-724
-66
-838
0
-451
-520
-575
-75
-510
369
-840
238
365
840
-985
365
-5
47
708
93
-453
-586
-960
-586
-553
847
-500
-54
-481
653
495
-785
92
-412
-181
554
-960
-512
630
-200
884
-932
652
666
-950
688
645
-504
-108
550
-104
746
668
551
641
457
-492
264
-449
-710
315
-276
-823
-406
153
688
-833
-305
-87
413
-847
995
332
-103
532
-581
-925
-861
815
730
618
363
-922
249
371
-52
616
-881
959
-381
-450
-418
630
83
382
-270
536
-797
816
-579
-993
691
-129
794
-145
-302
-546
-880
965
-429
798
757
498
-331
579
-770
563
291
-156
21
588
-801
673
-383
-78
-893
-943
-853
-170
857
239
-332
687
606
594
-930
100
200
-356
-105
158
17
705
-413
-187
-168
-779
-601
-742
-964
-736
-133
-973
620
340
981
-459
-14
150
771
189
125
-959
-801
11
-785
-228
-8
665
386
261
-847
-755
-310
-618
60
-931
405
-747
-555
464
862
-127
263
-47
-92
-748
-193
-763
-841
-520
220
-73
429
-832
407
-970
-248
384
405
844
-736
-298
909
-547
-582
-807
-173
-133
57
-283
761
-825
764
398
376
-643
-635
219
-327
-407
10
982
149
-580
-577
-566
-415
-875
-886
-317
403
841
-36
-348
603
507
735
-205
-810
682
359
-379
394
874
664
-808
945
-119
-669
282
-768
429
-25
-931
598
618
-505
793
635
999
-782
-212
279
-275
-926
959
-327
-343
327
841
286
811
981
-458
93
843
802
-693
631
-474
4
-42
794
-512
-209
87
-123
-46
-678
-2
-385
592
-90
-255
604
-767
321
-434
674
-891
118
752
-116
-798
-142
874
-805
-964
152
-53
-634
-732
-536
206
-91
-332
-451
334
-234
355
177
-45
-785
206
-598
75
-333
-168
477
968
227
-102
246
957
-103
425
135
-105
-947
553
-856
52
-806
-524
777
-495
100
-816
958
496
346
-23
-743
126
919
659
675
267
-849
-176
4
-397
-997
-794
816
210
-382
-451
-361
599
289
903
499
550
46
386
-81
256
-762
-13
574
52
-737
-70
976
-987
-886
-910
263
714
759
223
-237
115
149
-946
577
813
-467
-302
-41
875
-207
-824
-810
-553
-385
-661
-648
-941
-742
581
357
-855
967
-833
477
215
912
238
-142
-866
-508
417
-344
-974
-739
475
922
570
-201
-441
909
-81
-477
634
-876
-531
-795
910
-364
-315
-901
-417
931
47
83
313
-861
-55
25
598
-199
-401
594
-773
642
969
-220
-486
-701
114
-934
-292
176
883
176
570
473
-248
-233
-637
-52
147
-837
262
-603
-704
-967
-586
-840
419
497
580
128
-841
155
2
678
-77
255
-244
-271
-934
-47
-9
-829
177
34
-490
-221
-58
906
868
347
-903
519
203
984
719
820
228
659
960
397
961
826
66
-342
510
-11
793
-429
-871
-718
-335
-543
132
903
164
-486
-171
120
609
808
-889
397
312
-539
-55
-61
-924
-619
-422
575
923
-811
-804
-545
556
-62
-853
-473
5
-672
584
403
619
-892
-820
311
305
646
262
179
159
-97
-388
-825
-690
-346
-975
9
638
131
955
990
-363
8
999
-591
379
-189
-159
890
-451
602
-252
391
847
619
-38
-108
475
-58
-25
736
300
69
912
337
-726
75
90
-541
-815
-962
629
-565
551
779
-809
-963
-227
-276
-538
-294
926
-827
-789
-944
-936
-525
850
379
-618
-991
-53
367
-941
263
-567
-193
86
489
-185
-918
-281
-972
121
-784
-412
350
-479
-877
-599
701
-271
-128
759
-648
327
83
959
579
-123
430
585
-914
644
-465
968
274
470
-275
-861
804
-598
-190
-241
-510
121
729
-885
695
-611
6
-149
673
651
274
810
458
647
914
-116
-181
91
732
318
-926
-297
-215
516
638
-204
-844
-193
696
-958
480
527
-10
414
278
-355
-925
134
-117
40
-930
-444
479
-269
179
336
-739
-174
250
976
-907
-866
66
625
254
521
569
-757
936
163
-557
817
-642
-482
-774
-2
135
543
-51
38
-927
-782
-405
747
543
228
-573
584
-882
-336
45
719
778
202
-604
177
-808
-338
850
-707
117
-701
-879
-235
87
-290
413
764
-874
-205
-267
-77
850
169
162
-713
215
383
-314
678
-777
-563
-79
-141
-277
892
708
92
-199
199
602
-210
406
582
-903
-779
992
877
526
-183
817
-38
892
-543
419
347
-137
-919
-430
-8
828
656
-426
208
797
685
765
-272
-740
826
896
-560
-156
583
-354
581
850
-480
-480
-110
-267
-485
46
875
-588
-219
349
-902
-882
-908
-116
-343
157
950
249
540
622
-797
589
-309
692
985
188
190
938
212
-510
262
-448
-853
129
751
100
482
236
176
222
-649
156
867
812
-547
554
197
-544
800
547
-128
-75
909
958
203
-460
-837
259
275
-161
690
-419
983
773
772
-209
-703
388
600
-993
740
445
-178
-440
223
30
-629
71
684
-84
-197
-273
7
-706
465
680
147
-38
-66
-479
674
-626
901
-152
845
316
813
623
75
-298
-556
761
-15
91
-605
-899
-116
-723
384
-586
-315
-29
731
-300
683
-932
-464
-498
-725
335
-988
948
701
-617
-945
859
-879
468
-38
-469
498
-695
-267
-794
840
404
173
201
471
-511
867
90
310
650
523
-710
-717
-319
-980
146
-754
414
640
-175
646
-101
-681
548
293
931
430
-312
-938
926
817
-680
-143
-801
320
-885
701
-702
740
265
657
-89
-322
-208
-612
-638
-40
-741
599
-216
715
-700
406
-666
-615
-287
533
-928
-207
-295
-362
358
-407
-503
-734
-373
696
478
243
-904
-603
-690
-2
-560
-18
777
712
89
-523
-538
-466
-916
-528
223
-386
281
-465
-264
-76
916
-297
240
899
305
-932
-266
60
-48
93
910
-773
-247
349
-308
926
149
757
-924
266
435
-992
-392
-19
-440
186
422
-600
-683
654
-496
-791
608
-669
-442
231
558
4
22
740
217
437
238
122
96
-838
741
-712
-127
-246
71
-701
595
-712
-61
-244
449
882
-784
414
-668
902
648
-223
-451
-467
-159
806
-988
-215
719
623
-24
-24
255
-445
838
-737
-571
-196
970
-626
751
-559
-327
813
214
-744
-179
-937
-517
760
457
-448
102
208
876
153
217
-81
-669
906
-886
-109
312
-851
269
-105
697
618
890
-796
663
-34
329
-681
801
-409
-763
980
702
-130
975
-668
162
97
523
520
638
-495
187
-193
-63
-630
-465
642
531
252
72
385
-258
-462
805
-342
556
610
-182
60
-202
-872
580
777
-52
-355
-266
213
265
-808
492
266
661
956
-426
804
82
498
7
337
-366
492
-180
-152
-615
-155
-571
-719
-436
-767
-955
461
929
-558
-959
-628
-751
735
-171
-524
981
131
793
887
606
307
-262
734
-397
-304
-362
-269
-413
-804
-680
-367
-671
729
-440
808
553
491
-627
564
109
803
-719
236
519
144
-183
-279
-810
-365
-983
-14
-738
-394
445
599
474
944
954
23
33
-364
-157
-470
-809
274
315
-246
724
611
413
888
-541
35
-547
583
179
432
-259
-999
900
-164
711
-852
963
141
72
839
774
-994
-408
-954
796
-943
-579
51
278
931
-310
-53
811
885
-652
-197
9
-445
-758
-606
-983
670
-691
-652
864
747
721
251
-49
523
-516
-440
847
-712
-588
-722
-543
14
77
-827
-315
-521
-20
-258
101
564
-459
-828
-988
-264
-780
722
696
-834
-781
406
267
460
243
919
-920
444
28
-413
-253
-546
-673
-987
62
805
-344
29
55
-712
303
398
-667
-870
-941
367
630
262
-30
-948
16
52
556
-327
433
-917
202
180
4
-432
-895
305
503
-611
-731
-314
-627
-735
118
-501
88
106
-814
-520
-132
527
816
-720
-219
802
77
-55
-371
415
-538
-719
826
-726
887
384
-232
-778
988
250
-253
747
-707
63
-416
-134
727
-119
-76
-280
-289
432
100
-696
-229
-499
-919
-381
-675
-481
-414
-44
-451
-525
-65
-913
-953
523
-508
-153
-851
949
976
75
645
861
-594
-199
829
-308
827
203
981
-451
-912
451
-796
-274
385
11
252
911
548
-705
-251
766
510
98
566
-361
90
-41
-689
-616
-576
-270
316
-872
-404
787
383
-65
596
915
-595
691
-148
170
-400
197
-514
3
5
340
-306
540
-674
-588
688
-519
409
-303
-688
418
47
944
-602
270
-750
200
-414
-124
300
-259
365
-875
329
-661
24
-216
200
159
-281
-859
-321
716
-788
-796
-465
110
504
-232
786
-505
-194
-418
-461
910
-154
801
-196
470
75
328
-381
-183
71
-175
-820
457
752
251
109
699
-213
374
321
-362
929
-759
-167
627
-797
-496
669
742
-561
-84
919
-684
151
-591
-997
-367
-240
811
551
-140
-170
576
-999
19
73
-847
185
-421
933
-307
-871
-37
960
-378
292
-435
-673
739
-110
814
-709
-619
-628
-479
106
779
-230
-243
-224
771
796
-268
819
854
-726
109
685
743
830
-568
-501
560
-422
-190
-25
-437
-543
-257
455
-430
55
578
-138
690
-714
717
-242
-192
255
-579
840
986
-342
-272
688
4
584
303
493
-201
-500
-319
771
183
-384
20
-874
-41
177
761
-480
136
-11
933
-502
-920
-637
-964
-91
-253
-831
347
-398
29
217
-259
935
609
321
640
-52
-880
454
-40
-982
306
-602
271
-744
819
205
830
116
858
-105
305
-869
595
875
-121
222
884
292
-79
-757
-311
-353
-60
387
-91
-681
74
-543
992
-915
-772
-26
523
-693
618
-464
659
768
574
-81
866
128
-138
622
-627
-846
458
406
349
-673
-366
374
676
176
-882
-98
-238
-908
963
-169
-993
713
761
64
-156
546
713
202
-214
688
217
942
749
429
-772
848
220
-950
-438
-966
203
831
-730
718
173
-582
-506
450
138
244
825
417
787
-252
-632
-98
-678
858
-822
534
-537
-982
-332
699
-691
540
-843
-51
358
-266
916
382
63
9
-215
-27
876
-399
-303
-607
-338
560
-496
-794
801
559
-712
-60
387
389
-983
-511
-391
946
506
-968
165
-600
-844
872
51
-938
-181
774
198
-16
-754
585
813
702
842
-644
795
-329
134
577
435
-443
492
978
192
-927
832
-458
-701
-259
-491
181
-750
778
-861
807
826
-231
-957
321
-317
991
252
-518
-700
-264
-694
-921
424
67
-636
-550
285
-12
-118
-518
325
974
376
145
-106
-377
-442
417
-665
12
28
-462
835
831
738
380
-459
154
998
-578
-958
-810
-376
-518
-269
775
461
-545
-215
-956
-246
-743
374
-283
-743
-440
-478
532
-795
548
868
371
889
637
694
-71
24
893
-373
149
7
165
-450
934
921
-689
554
225
-541
-314
-366
-573
79
-449
877
87
-457
-195
288
-151
789
-553
19
886
193
866
-54
-408
-4
-316
226
222
-568
448
-252
-830
635
-415
-248
-264
-840
124
-373
459
-869
-457
-183
56
74
-988
16
-168
-561
-357
183
745
322
-69
-737
845
284
460
-77
179
151
-347
629
-486
369
728
688
27
-349
371
-782
-701
-313
-104
936
-548
507
379
-19
-262
918
-665
-102
884
-273
872
859
12
-476
-654
588
-331
251
751
-637
386
-742
950
-853
-547
817
-239
-494
162
710
882
225
83
-721
753
-394
-329
-748
559
166
-518
723
575
-720
997
-302
-944
728
2
-766
-344
-607
-449
221
-25
-226
226
629
994
-951
-300
410
928
151
-669
63
813
-647
273
617
-138
-800
-341
-425
-618
68
510
491
-17
-854
257
-892
-989
164
158
-27
153
775
-906
-382
519
-950
561
305
-156
24
160
-542
879
-205
789
-891
-418
896
501
-701
-221
456
578
-548
-592
-557
54
-819
-303
67
-636
-677
-988
-603
-847
-860
587
875
-709
590
461
171
-439
-253
-571
302
-309
-631
-709
-974
63
-86
-31
553
-447
264
310
-777
221
390
-322
-328
894
224
39
789
-373
577
-985
-414
-293
399
501
-103
-885
-751
-242
-142
-418
155
-319
-430
138
633
-284
-863
46
118
-969
89
681
-669
-45
-81
-296
-392
-369
526
-122
937
-946
501
768
-405
-450
-736
281
-353
146
99
-123
97
-331
931
-68
-559
-928
369
685
-591
-881
-65
-312
289
-965
877
616
-939
518
212
-695
293
436
75
-499
-428
879
-154
211
965
-550
-278
-319
666
-181
490
459
882
-943
-679
849
-470
875
-518
230
-724
-713
728
87
-723
307
-598
810
-276
-430
-141
-767
376
259
22
-829
-26
-847
8
674
455
-79
-4
-436
-571
347
-599
-566
286
-279
-685
-477
-430
-542
417
-929
-268
306
-442
-438
-361
727
-826
281
-448
-760
-862
783
976
-492
-919
-338
205
-980
-413
-414
-25
441
-41
431
-136
854
-86
95
-970
-710
385
-603
-315
967
393
515
170
95
-549
729
660
701
749
317
974
-552
-482
-527
-293
831
-371
670
-893
-88
-895
88
169
386
-325
-478
995
364
-508
-335
-278
-2
523
115
-181
-828
81
398
-371
-785
-716
320
-308
373
-590
982
729
690
490
547
156
-132
729
-726
55
-368
-698
-96
-159
-693
-398
-903
820
441
-860
926
270
110
-788
-895
22
348
494
42
762
-805
263
355
26
-234
-668
421
-349
-324
-442
495
489
577
818
932
-656
-639
-536
-223
-56
-270
450
937
-836
-965
230
-506
381
-961
325
168
92
-739
-793
-464
768
683
-259
-231
380
-321
852
-854
197
-655
253
-147
624
-986
-780
-423
-618
663
-59
-540
82
538
323
292
-209
822
464
-518
-922
177
474
-255
413
72
173
715
-193
407
524
208
111
731
933
787
-352
-886
256
467
-437
-680
785
711
-502
40
165
481
573
71
918
-356
-577
-838
693
665
-160
-395
110
338
892
-953
-914
-543
845
-653
-582
807
647
-899
-390
925
770
-421
-128
-754
477
284
989
-992
757
-8
346
275
-386
-996
257
-756
141
-753
530
-297
-874
164
-351
-677
169
922
-871
828
-78
285
-93
-7
-564
330
201
402
-203
-6
-540
645
-638
-553
-967
197
-748
-985
-910
-738
-767
-194
-339
-729
741
156
-534
-995
-302
-184
194
743
-279
203
-823
791
168
-869
117
-680
-236
-585
337
-599
470
812
494
561
-471
-498
285
-274
-903
745
216
-982
332
-760
-754
-356
-352
-443
-916
-957
-465
-964
-684
648
419
-432
262
-314
-221
372
386
-967
18
499
907
690
-823
532
366
401
87
13
821
226
100
-34
-20
-857
92
-4
566
204
-531
-100
206
376
-201
-369
761
-337
-229
490
-830
-260
-265
-472
-25
-738
28
-589
-680
770
869
-416
-564
-228
413
588
191
668
338
-427
367
904
906
-662
-690
-399
-50
81
134
-516
-955
-113
886
327
369
977
688
997
317
989
389
552
-246
-16
-455
266
-864
-966
-342
-755
90
-513
-241
512
-261
-378
525
659
-393
-764
758
151
277
-794
-602
14
-460
629
-292
-424
-907
941
373
-232
607
-359
856
-593
-428
886
-679
-975
-966
-628
-212
-527
163
-694
-181
35
-638
-926
652
-211
111
-778
915
442
-559
-651
969
74
700
350
-691
-342
-502
130
603
861
-234
-251
208
224
-552
624
-740
-877
-849
899
66
-224
196
-286
-787
-343
-618
-777
-551
-514
50
680
471
-490
-85
591
-929
700
-246
-934
-430
-153
755
864
-307
643
-845
-299
975
-893
744
-561
63
-464
-784
-530
59
-240
913
-647
-463
-225
-214
-844
-172
934
-353
-831
-926
150
465
-855
-896
360
239
493
527
-748
26
-798
853
857
653
-535
807
572
198
899
938
-541
667
-737
-204
27
-824
56
-400
235
-55
-780
-901
-731
234
-500
338
888
851
-945
-637
-662
-263
477
-254
-326
-992
553
-766
-273
390
-132
-200
212
167
370
-582
361
-761
-311
338
-269
380
55
901
22
68
250
436
-507
-542
-492
430
-379
135
886
-685
763
39
-11
-943
-458
268
916
466
-120
622
-339
-241
952
-933
235
-415
-781
440
242
226
-296
-612
728
673
373
-478
-860
-218
115
346
-716
319
-118
-840
-986
350
-267
-797
-602
-564
-791
-192
918
616
448
938
-976
-28
108
-986
-85
-729
905
-672
337
-984
422
-601
857
767
773
263
-53
-743
-481
-574
-429
533
-544
-236
-257
348
-962
790
-297
-505
975
178
-876
-198
31
296
128
456
-833
-302
-639
47
523
818
280
871
-421
142
-642
337
-540
-96
257
190
401
-670
613
136
-295
-558
-839
-797
-54
-210
679
824
-910
577
-304
-972
995
-852
573
541
395
-297
-404
-811
-624
252
846
-616
-936
-872
-626
755
675
-719
-664
396
417
-121
-680
971
-454
870
-956
-938
831
562
893
-108
394
-399
-241
-790
679
-604
-836
583
-250
-380
-812
833
-794
-472
870
-917
107
-96
-517
122
-543
479
-344
152
-113
-196
-147
696
-857
-92
-131
191
-278
267
-300
-606
-812
449
13
-979
-572
945
-451
-748
-552
-71
32
-915
-24
-8
-414
806
-311
321
-569
-74
969
700
625
-586
-646
-372
628
-961
561
-143
-490
66
649
-923
-158
948
-121
12
548
486
-526
-229
336
877
974
603
-481
-901
516
289
92
-688
-883
-226
-704
-201
392
251
-282
562
-416
-813
566
174
653
812
-603
940
283
-868
-312
197
925
-678
407
-66
-136
-166
170
771
-629
-962
610
-140
-907
868
6
888
806
255
-334
-303
50
508
-699
-303
377
243
-364
-936
-23
-976
-647
-804
-217
447
624
855
-581
874
-607
-476
-560
586
990
-89
109
122
800
240
-990
-222
499
-910
413
138
-950
373
-471
-269
185
309
-494
754
-277
353
256
-887
-827
-466
599
-768
-602
125
-312
710
-451
-876
845
-768
142
571
557
920
-491
61
278
701
-701
-99
-626
596
456
241
-214
218
538
254
-354
-47
453
-270
-430
359
-209
-358
786
929
-943
-908
-476
682
-266
29
848
-683
-910
49
-725
612
-765
52
659
697
616
114
-463
73
913
360
731
229
529
833
-694
-41
189
-837
-643
-492
-601
516
240
-167
329
-324
720
-74
-493
103
742
-220
-315
952
-267
242
877
-708
320
-578
28
436
812
633
911
-181
344
962
-584
-160
451
-793
823
914
54
-914
454
544
-451
964
-77
-882
770
-214
-984
893
-19
-141
-468
-805
-648
-187
879
-699
875
-247
-492
359
-69
-316
405
-607
699
-111
330
408
-243
-191
512
256
-318
-384
153
505
-902
976
-902
238
-784
623
-241
-910
543
-95
-829
487
-310
410
494
-117
318
783
707
881
-703
419
103
648
436
846
-862
-721
-169
-867
450
651
820
-729
822
605
827
945
-477
-327
432
-813
849
274
-278
-711
606
384
-131
362
-416
-603
-688
-74
61
28
141
-641
637
-52
-76
-38
310
-142
872
617
-39
-632
175
937
-361
-830
-629
506
-46
-439
-44
678
100
-902
-280
-297
456
-914
-367
439
-747
-717
-338
300
-16
-844
-209
736
798
-709
603
-871
-723
967
-714
64
446
246
-233
797
-575
-31
-170
-277
-324
50
-251
-912
791
-206
839
-187
-233
697
-269
-765
187
689
-114
-121
-759
72
825
-140
-64
-215
-304
-899
-251
-186
705
362
29
-690
613
898
-104
-616
871
-549
99
227
-621
103
757
74
68
872
92
-890
906
324
-543
-176
-78
944
968
-406
316
-658
-408
667
600
-229
-597
127
-1
-909
743
650
-554
59
-208
-566
442
201
-305
-49
-350
767
-815
-479
6
458
621
250
892
-31
582
281
573
-365
-983
426
-413
757
595
83
712
-983
983
81
947
323
204
918
641
-112
136
235
-123
3
-200
-112
646
491
-960
888
167
-712
275
976
-47
541
828
-374
117
-197
-278
674
307
-67
7
96
-434
849
506
-721
980
-231
117
131
521
-485
681
-606
-39
-153
-19
386
-81
-347
773
899
393
515
176
-543
388
-297
706
-298
83
-53
137
-669
500
-863
-48
-148
-721
277
118
-334
454
-2
-724
323
131
-862
148
356
-60
-600
-372
722
947
-765
-391
353
928
-970
835
996
-102
284
-272
-414
656
893
-552
-839
-96
-617
-941
-12
833
-848
400
506
830
-942
945
835
334
664
-696
-834
349
155
39
-342
-659
627
314
984
-755
70
126
-190
-580
170
-879
22
32
349
735
-588
-472
-100
860
-100
-13
384
39
427
-396
505
465
-179
128
948
825
-656
-908
560
42
115
92
958
624
756
391
-748
-83
-597
-910
135
-346
-446
147
-187
451
953
-897
-370
-900
661
-463
-845
968
-313
-832
576
242
-447
146
-110
88
-409
-666
-951
585
-144
-514
-759
362
-622
793
887
214
-307
-309
971
-87
433
468
-758
605
789
-165
-889
625
773
881
-985
731
-302
332
-386
199
-482
339
-11
142
469
-89
767
-845
504
-232
577
-650
-90
40
267
112
-768
411
-747
350
-452
841
119
-345
599
-707
-262
944
110
-888
518
-280
-582
-119
393
-242
-27
-891
-539
-627
832
929
133
-655
635
-461
934
661
-377
-323
-282
-427
476
52
934
-573
-586
-846
-103
372
-887
558
752
899
-983
212
644
920
-220
-35
-767
-584
680
442
-896
460
-28
267
490
785
-880
-79
31
576
-53
500
207
231
-794
-661
-370
537
197
-967
94
543
-632
-44
-808
770
-619
-219
575
-881
-274
-323
-906
946
24
646
-844
463
754
-607
-365
-238
-753
-444
389
-563
-607
349
-311
-891
772
754
-519
825
-863
111
240
619
199
-445
390
351
-436
-358
575
568
370
500
558
977
-206
327
210
-144
-272
249
-802
29
484
-15
739
516
366
857
859
-909
-36
-99
514
540
-805
975
-321
479
-450
117
62
-141
952
663
887
898
379
221
34
-820
52
131
502
-152
-915
796
-791
232
253
872
-219
-990
121
386
406
804
995
-973
318
265
-578
-574
-947
-589
-63
-695
89
784
623
390
-720
843
-804
-819
-111
-615
485
452
269
-605
-67
129
-760
802
340
-488
670
43
-537
-94
-43
-358
194
461
-837
871
-223
-579
380
-24
128
921
-931
958
-238
729
-160
-146
-569
-788
-895
-817
249
-107
130
541
-856
-466
939
-325
682
-876
-792
-415
-551
697
481
41
324
247
531
105
-313
-839
74
-649
-636
-228
110
63
483
-814
268
560
-104
52
938
-906
-52
672
924
668
139
935
879
-823
431
-409
910
8
-598
574
-668
193
87
-97
339
-45
852
-650
910
-728
342
-753
515
-486
-819
-319
732
-494
382
804
-371
983
300
866
-319
-143
29
394
-100
516
685
144
-763
-405
-94
-286
-845
-563
320
-370
579
297
-641
456
29
-325
279
284
865
-650
582
-584
737
-813
-618
870
-37
184
104
-901
757
-343
-544
461
-628
-902
907
-363
909
869
-228
-608
-251
268
82
-293
902
-961
-18
-820
684
-677
-457
-43
-674
-375
371
738
-314
512
-287
-709
-795
298
-232
842
-920
-92
-805
118
891
-42
-862
-262
-722
-965
-218
-137
192
-16
-349
416
-654
-853
-22
-118
795
127
448
639
801
965
548
-812
590
739
-357
-694
-928
675
753
-81
-364
-91
-247
-919
903
-853
-217
499
374
-136
-622
-988
-139
427
775
338
-956
-857
600
-487
623
-584
-895
125
952
636
84
-34
858
-195
984
-297
-311
-778
550
-52
-289
-527
22
845
984
843
-269
63
-911
-717
-701
-225
-851
-526
16
-193
304
565
-843
376
-838
383
-718
-704
-631
-490
371
684
632
286
300
-523
71
-149
-55
-676
108
217
209
-96
-524
-182
-248
-413
-908
782
655
-955
516
897
696
-312
221
-979
714
-890
-992
261
-390
-918
-93
792
-809
-298
-560
-294
-130
505
-120
750
212
-78
-176
-313
682
707
-980
-24
327
95
153
-323
187
-981
-242
111
-961
-241
-145
-29
998
404
527
-633
266
833
566
201
-511
-630
99
770
-450
-646
-965
-549
-215
180
-341
-247
151
-923
-915
11
-494
395
-447
491
766
-77
814
157
-353
-650
-434
-238
638
293
934
705
930
-28
-260
176
-226
350
-939
66
170
461
-960
362
-559
-534
-215
-177
-995
454
966
353
-533
951
-500
-87
-403
-808
-937
58
-862
-70
-231
-331
514
519
481
372
348
-741
-388
-45
-441
290
-57
574
-329
-641
-294
-663
75
514
654
-95
-595
829
816
-839
-169
86
721
-176
163
206
-69
372
-550
-730
-471
-88
-487
-8
609
573
-559
-979
261
-65
770
774
-483
-592
-432
-87
244
805
-683
930
-897
-975
-279
27
62
258
-865
689
-267
890
809
388
190
652
689
88
-159
-193
180
665
-73
-625
-687
-195
190
-912
-699
-685
230
-241
-998
-798
-223
-964
-329
-842
-804
-566
-315
-657
-90
-426
-995
-111
-410
452
976
21
-582
-591
930
-875
-650
140
-117
-389
652
521
-56
514
46
-318
-461
363
652
-922
-777
220
-327
834
371
80
115
166
-397
754
-371
127
52
-658
810
-939
410
-656
-196
-293
-150
-405
-11
-455
216
-478
-331
-768
-580
599
927
593
152
362
-225
880
-632
892
871
406
385
414
34
8
-627
576
643
531
-205
306
118
117
-704
-631
915
681
-2
230
-463
50
-979
900
-26
-792
-626
-210
-410
404
-908
771
636
-926
129
75
171
954
747
800
571
238
-229
-54
-881
-345
984
477
618
681
-445
-775
-830
351
-351
293
-732
-40
3
64
460
391
974
904
101
-792
242
825
969
-135
809
-479
-280
-82
44
-836
-373
-17
-726
205
778
106
398
-249
371
-902
-5
980
68
-870
351
587
-376
-982
929
70
624
-516
-177
668
878
674
625
-867
-504
-287
806
-838
-567
-157
274
-290
-183
-722
431
-921
798
979
-808
8
20
577
747
-605
-73
-779
697
-560
294
402
749
-60
-554
-169
41
166
182
833
-295
-22
339
-320
638
-750
-983
811
870
-914
-903
-717
82
-794
386
-49
474
454
-612
-705
817
-796
-804
11
474
-61
349
349
795
-759
383
-388
621
827
-495
691
172
322
-471
-748
-597
-822
-884
-765
53
520
-728
-824
-445
-372
-797
-791
504
812
-438
978
282
194
-973
580
-832
-312
290
116
923
610
-642
-142
-668
-356
-142
413
-999
918
336
972
-437
805
633
-244
-153
37
-299
493
-728
-632
45
-856
828
-560
953
908
-770
178
-919
82
-152
-633
-825
427
-919
871
251
700
-852
464
-37
-533
-490
377
278
545
-972
606
433
410
-390
263
723
775
612
74
965
-636
696
499
-44
-125
787
-990
329
-748
789
-907
268
550
694
-236
-3
-632
-979
-424
-201
864
-64
423
-302
-301
-231
75
-958
-187
-109
-99
-782
246
59
-715
72
-159
851
-889
-634
-955
-373
529
-111
-719
-428
67
-443
813
880
852
-208
-548
-506
779
-38
-328
-770
-480
-405
-348
505
413
638
-573
-752
-569
288
885
-683
-562
-452
-576
-223
951
994
-715
702
-220
-209
-568
-110
764
306
-988
-538
-458
-520
486
-741
-160
543
527
223
542
-92
-312
827
85
-141
-211
347
146
280
-567
-145
-59
-86
-261
673
-368
-750
-531
52
-135
-119
-681
-114
-526
568
671
-578
837
-645
203
125
-526
49
-154
285
-75
861
964
15
278
135
-56
817
319
-30
231
-783
-748
-582
869
574
-305
-223
-487
-55
241
487
-128
-630
-470
-649
261
-282
118
-649
664
-276
112
-254
-659
863
6
228
-193
444
684
-623
-57
573
-175
527
73
549
-126
984
253
-829
465
-288
-866
520
848
-620
-750
-475
778
332
4
-37
-837
-463
488
-148
766
529
598
-210
-732
142
993
-299
-3
646
-323
953
-112
-336
889
-800
-469
334
962
567
925
-180
165
970
921
107
-36
-757
-418
102
361
-788
-821
-211
-610
-554
-181
-70
-92
-538
332
255
-111
634
-689
642
110
635
997
845
-684
-546
812
706
-671
667
656
-439
-736
847
-675
78
-858
-550
-32
-145
-840
845
-618
-479
128
937
-452
532
173
-228
138
-544
525
269
291
109
-833
606
456
605
88
-808
-487
-265
-121
483
-818
-622
-5
-573
-300
-756
-259
208
-601
426
-206
-365
384
747
213
112
568
812
704
816
817
-609
-606
-121
-66
-238
-675
-364
326
910
634
-155
-989
698
637
319
736
-17
-204
-292
-620
7
604
645
-358
-841
90
371
-293
79
874
-825
870
83
388
-443
-183
932
-39
-436
-817
843
868
-839
-736
756
-553
-839
512
405
9
834
-465
-42
406
991
-926
571
910
-81
425
250
462
833
-348
-192
-160
690
685
-169
-109
-507
44
878
-344
-862
-144
-857
14
743
-117
666
223
985
299
-996
788
-843
-758
342
236
871
662
650
-769
978
-80
198
134
418
102
-601
259
221
69
-224
917
564
-729
621
997
-213
-638
994
114
191
946
-854
586
-13
648
792
646
-112
-839
-861
242
313
935
-400
784
219
258
731
497
845
-919
-517
576
877
-59
-705
199
-397
-838
276
-140
-297
-94
510
-732
556
805
-57
-857
751
4
617
424
844
-423
-833
-277
-53
-514
-595
369
-273
600
-825
-266
-283
-296
-793
584
401
289
-615
242
-189
359
-981
-373
920
-731
-555
463
-884
531
-867
-483
525
-692
861
709
274
315
715
-770
-14
679
-85
285
-929
831
-552
-972
-34
80
823
-455
770
-85
-972
-516
258
754
-519
653
159
403
285
-227
956
904
-747
882
259
-832
-978
988
-545
903
-11
559
-863
892
307
958
-220
636
515
781
928
-611
942
-910
432
214
-559
-527
-71
82
10
584
-578
806
-160
217
376
-758
-458
-21
-393
-805
249
279
-727
435
-923
-924
357
152
-281
330
-235
-667
866
904
-46
-410
347
777
435
-463
897
-585
861
543
223
-927
56
-962
-384
469
651
567
281
971
141
169
-754
-353
-800
629
996
737
867
-129
-697
894
238
144
514
950
-490
841
-621
460
306
-831
921
-124
853
-398
-617
529
-555
142
464
-561
215
857
683
-308
-138
-745
175
978
-602
-910
745
328
-357
-426
-205
-940
-884
-868
-674
435
532
985
-869
-227
-282
-527
840
515
-596
-996
7
487
-378
131
-481
-105
160
691
-116
932
-605
829
850
599
-420
581
156
953
647
-260
-498
-578
-814
-725
583
-128
-116
-250
-674
-702
-1
-34
516
-765
226
264
386
719
-984
115
528
-955
444
-843
420
-46
-629
-935
530
-937
30
-382
929
-827
429
-53
-72
884
977
708
426
-163
-699
-905
456
-657
553
153
-732
898
-659
661
-694
963
453
-736
-168
-304
-304
908
886
141
533
507
55
750
-961
-873
-552
343
-201
-939
-545
780
-257
528
498
252
-566
-677
-334
-686
-252
-261
531
798
-589
607
-141
-32
-555
-861
-563
-809
-853
118
-770
-237
166
405
-507
-558
634
367
-313
115
934
-578
-93
-770
650
686
869
677
-122
-187
-998
556
888
-514
394
-646
-421
728
-342
148
412
-783
-575
972
-335
-864
-72
255
-285
700
62
-197
-357
-264
351
-250
993
66
-886
-294
-173
-611
805
-540
-243
949
810
-199
12
78
-212
165
204
954
431
-501
-735
-791
-289
-724
785
-868
350
-252
131
-437
489
-440
828
-621
64
112
771
-710
97
381
317
-26
-716
-525
-311
158
786
902
-11
54
-315
-990
439
-16
-639
258
496
859
-712
-462
-519
252
909
-448
178
169
710
-181
-416
433
-322
-876
490
-676
516
162
781
665
266
174
-670
60
-817
849
745
175
-996
0
-635
238
-418
846
-646
-708
812
553
65
729
883
188
239
-420
-422
-952
741
-361
167
667
-634
-683
715
-636
-357
-1
728
641
-228
747
-7
739
488
990
652
-174
862
208
342
28
553
780
152
519
329
-788
-585
460
743
-647
-299
105
476
627
303
-954
393
-411
-678
315
-872
-506
-647
-590
873
183
-269
248
-977
75
436
463
711
147
757
948
-53
-580
-121
-865
269
-344
546
-781
84
-247
607
-895
-17
928
105
-29
-269
263
619
526
-706
-563
449
993
-941
-5
-171
-988
-884
595
-193
936
702
-740
-101
-391
47
-144
-965
21
-622
-494
-324
250
143
435
-635
626
972
-835
-82
-572
-627
-373
-905
780
-423
-90
-796
816
327
-311
-361
-291
-70
-236
-977
-253
274
896
-538
102
-671
-451
-301
722
-231
-9
-624
776
245
57
427
-10
532
-414
-45
336
-312
-18
-223
-783
-59
-103
-766
8
-237
83
982
559
-688
-592
592
652
-576
-217
-456
-257
247
73
-369
-531
510
388
-178
444
103
501
590
580
844
-27
-757
117
-119
-709
208
130
408
280
-286
-88
-676
-30
952
-408
-839
-744
-810
785
836
644
527
-903
-822
335
188
-504
-288
398
657
-667
256
-760
594
806
850
-705
-480
37
-675
346
754
-913
-916
289
-17
537
-167
-292
-199
-5
52
-778
919
-42
151
392
209
-120
-80
-618
59
-635
-338
618
-780
-526
-867
562
85
-812
-664
84
705
888
438
911
105
-566
489
260
916
-379
779
401
-844
141
-885
-936
67
-705
-293
207
-70
-74
135
804
-588
87
950
987
496
676
158
901
-907
-783
-942
250
467
837
-764
312
819
88
-513
123
-642
107
-948
572
-213
-988
691
606
49
349
256
-91
-414
933
850
-236
-895
-482
-989
-27
-449
426
818
-458
-118
-649
-430
742
17
737
-152
581
-548
-983
776
875
806
-801
248
-623
-178
-314
-742
965
-231
-642
104
-609
381
-516
-535
112
-596
418
271
662
-285
999
904
687
653
166
896
-854
509
681
-108
-421
651
-170
756
-488
-971
596
174
998
-203
-689
-75
694
220
-58
83
-258
-572
-225
143
556
270
154
194
972
-236
283
-117
717
481
-782
297
763
-335
564
-169
407
-743
-238
953
-430
956
661
629
-511
540
780
976
831
150
-310
-429
-349
-159
427
345
-403
715
-323
261
-771
-712
855
738
267
-66
-335
-493
350
-284
729
-891
801
-382
548
730
154
-946
-370
148
806
-181
50
431
-832
675
10
644
-457
755
-796
756
-227
-296
452
-824
861
997
-144
-764
-912
614
-452
838
801
106
590
-845
588
-779
42
705
755
853
298
114
-677
-125
-533
-994
-16
603
171
908
-191
799
328
278
-453
158
-205
-912
654
-714
-7
536
211
378
-524
-725
507
972
-215
-827
658
-256
-517
-174
465
-500
126
-755
548
-988
-691
-214
-128
914
-989
148
-489
-457
740
-606
-723
-629
855
963
149
469
-401
320
-215
510
-986
128
-358
395
-238
-206
270
-440
630
227
656
-863
257
979
-450
762
247
-531
460
960
-227
-636
956
-517
929
304
-473
484
-806
195
672
-391
-701
88
-213
-368
848
848
-181
375
-785
-291
500
-965
903
