117
945
704
120
282
432
931
826
893
371
848
848
653
293
751
370
601
990
307
106
309
694
447
201
92
510
530
976
588
602
444
561
73
819
122
567
229
6
720
439
581
441
265
97
501
575
301
549
551
157
287
489
222
770
974
254
90
863
329
269
916
753
520
916
631
139
207
745
60
31
737
879
401
688
725
672
80
310
213
978
958
353
293
574
618
382
709
948
571
725
985
939
490
965
227
42
953
733
471
408
63
274
432
378
523
855
38
366
710
455
147
591
495
121
251
785
474
891
390
817
87
554
511
123
713
283
746
927
586
517
300
637
76
682
834
159
402
194
139
387
245
557
846
689
190
859
98
863
943
672
754
115
813
175
49
608
36
579
181
168
242
205
809
310
929
885
75
873
922
863
299
391
993
641
692
275
464
644
837
647
133
480
765
3
509
608
347
936
246
498
976
273
28
781
499
430
89
247
484
86
770
236
414
679
923
946
140
393
765
883
86
137
159
933
641
391
604
514
747
524
939
98
915
589
768
859
561
417
800
936
858
673
934
38
378
407
983
195
109
528
571
550
73
117
815
59
841
500
721
647
11
643
132
607
122
615
338
959
138
712
659
897
822
865
795
401
350
890
651
404
332
923
992
283
928
427
478
727
868
208
342
231
813
299
804
368
51
636
798
709
667
12
377
126
91
690
173
478
111
842
457
619
752
561
336
357
602
955
737
997
302
898
439
187
574
737
915
759
566
743
679
972
302
626
218
396
532
137
429
253
241
294
92
253
22
643
813
438
666
522
565
155
874
837
21
401
532
787
679
611
777
776
40
350
259
463
534
741
848
903
102
12
494
629
160
58
727
810
769
924
451
475
580
216
34
322
445
341
450
156
482
160
467
596
176
835
843
713
292
676
610
49
356
837
827
234
163
465
890
203
373
222
977
809
102
295
203
156
76
790
378
933
622
54
52
885
336
151
254
750
101
367
769
655
820
710
294
667
351
249
382
918
854
325
386
832
496
583
788
504
329
512
486
413
843
83
515
692
905
386
344
549
556
675
98
137
891
617
496
970
895
478
298
940
191
346
959
848
183
87
752
474
499
874
100
343
980
857
525
353
191
881
396
613
184
682
665
834
339
495
119
768
757
862
472
922
881
930
671
229
541
43
606
637
856
372
555
593
798
959
932
227
881
984
449
965
239
52
927
646
636
565
567
214
773
824
712
868
383
166
676
208
654
549
280
805
261
834
295
964
63
263
848
373
425
685
105
643
575
988
643
75
841
420
155
401
486
100
166
285
553
238
398
106
415
181
35
552
684
968
138
341
323
392
957
255
24
451
346
290
719
335
645
643
12
9
121
319
255
507
427
898
711
500
520
346
28
980
456
785
238
857
701
106
278
395
786
144
560
755
647
263
702
892
967
677
375
342
53
196
213
842
934
120
854
407
490
268
635
247
841
49
38
472
289
98
975
383
605
644
573
277
581
988
345
272
844
186
338
765
509
905
194
345
796
858
134
721
28
688
271
449
738
887
40
243
519
85
570
29
33
318
872
749
350
723
639
146
161
319
972
88
131
136
988
922
54
900
350
473
148
383
86
412
978
846
186
667
250
535
465
920
486
431
129
241
644
440
924
822
334
83
679
391
398
564
130
855
862
44
944
969
935
79
518
544
204
595
750
884
248
249
970
912
504
276
726
639
54
540
313
272
794
830
859
217
656
191
565
932
897
985
708
693
133
488
103
866
203
313
746
958
725
600
167
123
17
414
916
168
477
516
139
428
503
725
260
930
365
122
350
118
594
733
719
326
449
420
594
6
687
846
615
768
802
911
225
363
551
563
149
657
39
145
393
801
130
377
207
825
735
441
208
459
746
770
982
289
183
256
757
259
1
527
384
164
620
946
941
340
287
760
958
43
662
288
14
582
401
783
90
12
324
375
415
60
352
176
853
248
102
898
960
743
556
202
828
644
444
708
853
308
665
201
256
156
139
56
587
824
526
488
840
32
216
996
726
589
845
538
312
139
336
164
303
801
236
499
877
998
336
242
162
468
404
324
515
98
658
641
179
955
38
639
886
145
67
981
985
323
312
556
332
946
631
89
730
663
493
445
40
608
384
428
648
925
884
395
974
51
639
203
669
385
539
757
68
217
900
643
387
749
248
861
788
946
693
562
985
290
247
626
764
440
596
382
1
503
571
980
364
973
407
941
81
237
393
988
622
802
637
435
873
892
837
503
706
455
142
645
396
789
900
439
298
616
732
21
722
110
465
769
900
395
774
820
645
952
506
867
320
446
594
873
668
203
89
695
139
809
317
485
580
251
253
464
290
909
773
966
330
745
775
174
561
937
829
369
144
344
771
469
628
850
775
212
643
123
353
644
11
925
756
370
4
507
841
997
963
793
71
151
506
853
256
826
658
932
822
65
244
280
126
848
581
62
895
696
389
849
460
531
759
999
359
856
385
238
36
836
604
710
377
729
354
996
696
258
736
502
185
257
711
18
647
109
777
267
33
848
175
495
578
972
271
998
646
452
944
592
405
903
353
397
226
567
16
625
898
128
547
569
792
826
746
854
272
778
310
739
205
982
588
268
25
54
287
218
868
703
447
113
302
688
755
947
533
982
69
212
115
755
134
387
706
598
389
253
242
274
580
786
203
838
892
561
967
277
61
349
10
535
900
398
412
149
224
718
857
664
666
500
622
261
374
894
901
911
810
696
305
230
555
239
937
476
6
102
723
946
579
126
38
154
533
687
426
735
716
463
925
345
482
384
488
613
599
44
715
721
943
898
258
807
64
827
798
393
29
330
214
935
430
106
488
306
992
967
768
379
564
931
657
18
729
994
431
283
816
458
338
866
391
494
89
176
79
197
701
554
273
957
918
354
536
81
492
81
421
375
335
415
542
966
250
685
274
459
772
412
762
437
780
986
296
179
28
494
77
462
874
695
604
508
488
871
379
514
305
754
582
871
812
289
423
161
573
910
780
651
188
93
274
553
17
304
592
256
353
334
375
846
234
277
621
987
511
282
683
73
112
972
284
509
981
602
451
299
414
789
824
628
937
802
108
586
963
320
506
381
498
595
757
531
538
529
142
367
615
825
331
804
162
144
317
786
753
63
889
860
473
257
869
743
420
380
955
823
794
510
481
804
492
999
730
875
992
324
723
622
772
796
240
359
794
156
390
210
417
111
760
352
985
828
736
206
167
972
926
216
527
823
748
294
853
130
79
611
944
460
894
694
778
828
67
569
414
964
448
949
771
822
484
980
318
604
647
469
852
766
745
622
618
311
744
995
766
727
100
451
444
839
131
511
920
621
754
677
502
749
911
680
976
876
702
211
258
955
204
464
472
259
430
357
574
869
645
950
831
68
694
15
634
235
642
371
467
942
703
382
90
830
414
813
920
648
730
790
207
732
381
674
503
490
524
29
515
820
96
688
909
703
449
198
518
177
956
393
857
993
127
301
208
221
437
74
316
955
61
731
769
500
59
396
500
519
232
385
269
671
378
687
225
565
989
225
908
690
600
941
677
502
474
23
357
623
195
371
354
971
667
822
882
445
601
208
928
961
402
912
684
514
843
822
75
702
472
488
715
151
593
284
411
269
502
648
626
55
64
409
221
364
46
484
19
590
481
845
826
820
150
615
981
689
107
284
469
722
962
321
864
378
524
751
771
190
865
112
356
551
489
236
685
63
363
414
363
45
774
260
978
56
226
726
785
412
950
163
226
517
800
373
495
886
598
451
568
753
36
38
380
274
575
281
56
84
983
674
435
418
178
779
511
47
2
250
370
831
602
451
553
317
968
400
347
797
799
258
321
221
97
773
832
171
68
996
431
141
775
884
780
166
274
198
117
397
411
516
782
178
5
933
149
798
327
758
241
299
166
238
152
316
870
982
779
305
529
690
331
266
53
775
174
971
996
578
981
206
914
351
262
758
715
278
171
877
719
323
716
885
929
486
392
536
420
268
656
444
817
758
481
704
746
491
527
691
286
414
82
352
732
381
415
732
634
526
344
131
798
135
93
526
167
40
576
597
595
505
728
17
516
574
986
875
575
978
327
891
97
62
595
689
589
865
812
168
484
17
826
884
860
145
803
323
190
424
908
781
174
320
548
674
753
449
156
97
921
608
693
502
683
172
397
150
461
117
609
256
488
106
412
257
512
743
682
78
319
605
450
758
555
981
836
813
332
708
129
339
23
208
803
544
495
643
601
543
755
354
734
704
634
29
822
774
395
457
542
903
905
711
422
238
198
98
838
46
319
794
350
274
64
85
222
695
177
680
925
457
686
103
590
229
312
731
156
583
905
810
944
982
370
928
591
383
590
430
669
911
194
199
117
19
741
909
579
53
296
449
415
306
322
393
156
200
898
125
656
537
143
111
857
655
556
907
389
950
816
960
732
789
262
510
882
330
363
616
616
949
96
578
275
449
496
592
799
901
103
71
796
229
974
672
572
159
495
799
968
312
402
501
819
244
465
706
501
876
717
231
909
211
387
61
213
617
939
517
96
121
736
735
483
478
519
370
875
109
100
389
113
299
388
696
338
711
562
22
597
452
625
805
689
594
716
34
467
37
186
491
421
251
563
687
456
810
817
182
14
428
128
282
174
637
888
933
643
146
245
548
597
283
834
830
360
604
732
427
71
116
99
540
605
823
77
747
726
956
819
221
113
775
499
899
269
564
253
414
873
616
114
891
691
752
179
694
9
72
955
478
579
969
315
963
220
944
770
749
773
397
725
326
287
90
600
538
998
552
376
218
347
147
187
948
535
648
380
417
399
337
210
504
756
963
26
927
716
4
66
800
499
975
211
803
786
719
79
842
823
608
505
402
488
595
232
584
796
528
360
951
296
575
138
388
558
694
53
246
461
159
205
375
968
100
455
658
868
831
86
623
762
248
208
357
179
955
534
357
536
894
756
68
187
305
908
281
930
680
55
527
705
350
536
150
532
17
40
66
367
92
985
299
384
148
738
412
497
911
571
685
940
722
825
948
770
358
486
749
983
507
763
727
77
248
165
246
12
992
442
863
326
148
781
231
888
968
659
359
587
663
536
197
620
15
244
134
101
188
512
520
640
975
526
330
720
307
873
340
34
671
926
77
357
146
774
8
594
499
298
777
695
365
400
490
122
846
295
958
963
577
922
454
482
763
387
883
524
65
822
125
199
334
161
194
893
256
882
283
693
914
662
162
111
572
987
534
775
26
652
14
391
537
397
445
664
444
867
723
489
63
460
328
947
861
160
500
265
727
151
801
982
15
724
692
634
754
755
99
811
759
809
904
101
84
527
289
644
634
94
704
259
979
939
570
787
552
867
247
610
174
220
488
656
963
999
51
21
877
43
214
921
241
467
781
880
950
127
512
821
100
275
957
170
739
104
623
441
947
295
925
52
492
803
849
334
666
621
534
193
169
142
492
595
471
357
730
677
388
400
608
849
40
897
174
343
796
222
600
334
731
157
549
807
317
508
224
986
701
466
250
57
291
191
251
688
249
609
54
32
7
963
701
359
469
550
158
772
351
982
952
614
421
177
690
654
981
846
673
840
508
611
258
532
181
885
734
733
240
627
786
414
155
790
452
92
564
901
348
722
202
94
953
316
714
274
233
712
309
685
518
526
811
480
109
367
727
723
238
896
668
654
687
684
476
871
148
731
814
418
793
260
453
334
58
619
155
703
336
761
160
828
76
89
87
800
28
560
182
485
655
475
390
396
553
524
729
6
882
308
728
221
956
792
829
581
866
83
89
947
651
825
639
140
70
730
270
405
746
465
899
692
343
512
107
57
85
562
420
294
589
513
383
278
521
636
543
259
910
555
914
122
951
142
257
110
78
940
183
29
951
167
318
572
912
732
674
294
323
674
941
741
970
104
846
196
655
48
609
493
592
408
635
247
297
155
458
449
494
716
688
817
290
609
910
614
8
443
739
217
465
811
883
157
17
831
438
461
157
899
844
869
370
301
773
626
629
910
760
34
649
428
505
909
66
718
584
117
425
861
753
271
967
192
100
659
717
884
23
91
847
18
612
235
979
681
477
428
124
115
130
527
468
777
77
514
618
643
385
632
163
331
634
434
665
267
807
906
334
764
929
838
135
154
686
149
154
364
431
217
672
436
214
503
329
947
121
761
732
763
582
213
630
495
329
66
936
997
271
759
266
974
250
655
711
297
952
496
44
407
306
692
967
661
347
964
755
797
655
123
845
983
190
800
159
92
329
985
808
385
67
768
158
320
124
597
594
94
934
657
552
712
6
371
63
156
502
811
304
780
146
898
60
848
605
766
781
95
4
530
778
35
601
994
10
41
240
356
50
789
80
105
381
942
924
713
214
804
150
994
905
621
569
372
287
553
210
641
806
115
625
22
90
278
366
909
854
383
485
503
87
56
568
87
807
550
426
598
73
64
160
790
340
369
981
463
284
751
368
386
247
660
528
948
506
275
277
754
664
260
303
289
413
296
808
514
644
813
253
126
146
178
440
429
545
135
748
422
547
64
952
421
788
591
47
234
542
699
835
886
22
496
808
460
596
898
867
293
874
242
474
169
131
477
703
363
959
214
864
881
615
681
90
491
422
767
807
104
890
219
293
198
551
505
115
613
879
464
819
522
851
232
699
761
627
978
995
650
131
369
357
46
898
760
83
264
422
360
276
774
151
756
439
965
291
341
448
455
206
477
841
792
58
598
258
155
218
49
584
438
168
486
857
937
450
352
358
447
52
243
198
429
628
927
265
460
112
773
885
879
549
73
501
72
536
552
801
953
79
681
519
182
447
401
609
866
794
200
516
747
720
429
923
989
52
744
421
232
3
351
455
2
146
891
83
214
908
651
176
706
786
632
316
6
909
331
288
644
453
176
343
285
739
331
312
444
120
582
200
559
379
503
571
818
923
342
526
713
70
898
510
812
871
584
780
593
289
204
549
677
654
490
109
736
547
469
109
353
716
400
520
158
890
179
84
179
625
861
308
528
127
49
407
806
785
249
476
833
215
519
270
329
411
980
731
511
932
131
673
633
247
371
762
193
431
132
743
614
867
108
165
501
144
470
143
447
933
690
717
963
444
599
347
359
847
153
677
670
447
475
611
830
148
678
558
67
342
41
918
597
863
378
923
746
251
783
86
654
701
445
858
491
603
922
358
36
870
966
341
596
650
842
419
86
517
45
95
447
687
725
620
180
394
819
893
739
382
396
315
365
971
521
691
892
403
649
392
877
427
335
341
648
852
993
822
741
233
439
483
46
328
347
750
475
413
90
636
582
536
901
225
362
499
474
812
585
193
184
242
952
767
939
920
750
349
790
284
400
230
823
724
894
771
417
44
544
557
785
954
83
991
774
966
247
907
925
47
476
342
239
738
201
756
103
21
495
956
528
899
273
841
825
815
50
873
884
438
996
718
700
945
559
283
132
512
194
852
588
293
739
877
337
362
612
998
833
685
838
405
791
940
281
744
927
774
391
127
138
684
766
811
491
77
752
542
328
53
464
837
286
413
341
538
562
611
517
359
151
800
399
13
328
669
303
821
406
274
215
664
111
71
611
426
955
288
418
142
617
962
671
762
28
187
220
94
601
734
911
498
473
401
261
251
67
716
745
742
967
422
48
419
572
663
247
468
423
603
309
574
512
643
788
437
210
54
106
95
883
58
658
268
418
795
374
832
902
81
29
184
830
621
350
70
407
471
417
783
335
711
561
224
402
559
633
650
128
478
790
853
195
118
763
411
665
729
558
328
206
698
715
524
218
246
236
511
430
505
691
152
764
494
691
930
865
651
231
889
589
98
526
742
556
561
725
517
318
378
778
125
665
749
471
902
352
169
670
457
10
910
359
921
847
751
987
925
998
906
439
798
920
525
282
764
242
801
548
921
191
477
29
755
487
790
923
360
488
85
907
657
953
792
77
73
596
617
117
588
373
343
788
18
304
760
130
277
81
574
641
603
905
393
873
898
455
878
469
371
683
602
584
459
431
176
936
142
440
778
395
546
266
608
150
440
840
587
495
360
979
224
158
889
868
826
325
598
569
51
272
394
920
451
353
604
625
356
427
895
642
738
632
517
977
713
644
813
636
45
412
6
421
658
921
916
628
432
553
487
714
417
225
170
420
43
345
669
278
687
498
690
825
494
793
456
793
781
89
974
853
288
881
887
367
895
792
803
769
898
893
573
844
359
518
798
878
964
836
761
495
104
635
412
632
788
323
849
216
939
367
352
349
115
667
766
59
32
748
324
374
700
759
210
19
422
107
423
881
754
210
39
273
39
99
38
988
473
27
364
864
776
665
382
127
424
721
516
648
347
635
786
673
951
387
24
371
625
25
433
584
576
992
161
666
372
867
98
433
424
465
283
73
105
384
376
636
986
59
208
982
371
653
502
877
383
833
193
248
320
286
49
989
739
479
207
539
530
334
313
371
419
642
548
424
760
55
261
950
747
508
486
149
670
611
834
539
607
791
262
610
174
700
407
100
899
911
699
312
347
588
93
913
238
123
968
416
83
154
480
177
310
568
447
249
449
236
97
867
660
714
727
244
972
476
127
305
897
826
373
135
592
631
505
650
340
905
600
944
516
889
109
879
493
917
416
571
757
94
660
36
369
446
387
977
130
439
906
709
590
706
738
57
693
243
649
916
738
19
917
767
545
544
164
906
883
772
454
612
985
769
855
804
386
830
151
821
593
772
284
87
789
121
337
155
92
309
798
441
382
862
472
399
647
87
11
900
385
485
764
667
762
832
30
539
548
549
348
902
560
85
525
522
964
835
714
421
723
624
536
737
556
732
51
569
514
340
171
879
531
563
814
563
555
376
716
930
738
552
226
615
742
290
950
371
46
527
709
867
917
857
714
155
941
700
106
612
553
228
643
882
392
211
786
809
791
535
674
850
536
192
660
825
334
99
283
286
796
116
657
215
533
399
637
111
807
258
8
191
564
818
387
977
237
63
903
991
640
460
281
696
801
375
433
180
680
683
687
911
750
387
724
932
941
40
443
308
651
269
216
234
997
993
154
156
424
652
660
556
243
377
360
979
120
974
284
945
123
51
674
776
351
329
522
690
271
363
245
142
402
675
641
581
589
498
555
390
848
329
916
5
514
101
544
58
986
543
71
138
225
130
604
259
512
468
140
284
527
649
566
871
363
739
935
126
576
488
641
383
69
79
861
307
509
118
642
176
681
195
817
696
940
725
930
295
721
926
407
452
892
699
423
416
723
270
579
376
602
229
309
558
820
191
25
77
157
779
916
383
691
610
101
370
210
495
404
256
294
796
842
334
603
476
981
894
843
63
416
631
715
449
140
99
116
161
490
698
355
234
35
845
170
496
170
796
694
916
203
600
89
725
11
213
37
372
509
679
49
989
775
1
128
95
180
808
580
603
557
316
632
855
12
811
257
127
983
731
641
270
187
334
838
308
159
241
532
153
387
87
531
863
736
19
998
717
166
338
197
735
812
568
459
682
639
621
409
311
423
990
654
557
760
587
466
275
747
570
412
571
436
361
559
976
317
459
419
866
820
658
801
840
453
747
517
324
105
892
591
774
624
762
12
689
654
617
827
733
512
900
566
884
517
706
120
364
571
712
428
878
6
760
550
328
165
973
838
649
994
196
325
193
883
777
361
862
598
358
226
970
376
496
585
104
663
368
36
992
598
139
163
4
179
219
759
955
464
49
887
926
8
53
856
396
481
224
626
766
14
740
944
364
401
992
234
975
931
41
602
622
556
855
505
847
38
818
355
134
836
676
382
719
672
550
467
143
325
219
609
474
928
664
382
671
37
876
130
207
381
91
536
970
634
388
377
406
997
153
320
465
632
248
556
175
310
379
459
386
651
777
166
759
82
763
845
61
457
170
738
376
746
77
955
614
615
980
869
103
216
560
22
974
983
440
56
747
15
984
748
168
643
83
785
878
22
623
3
947
495
850
256
488
770
879
387
275
146
340
60
899
235
941
121
790
80
662
496
849
548
445
744
261
248
617
334
294
986
989
248
406
58
626
876
727
554
380
486
660
406
928
300
24
207
54
854
610
456
239
761
637
742
729
197
593
683
485
77
925
978
430
729
94
746
253
817
625
585
939
91
306
437
831
83
254
976
246
908
905
363
941
232
270
58
291
399
34
213
367
878
519
761
659
11
787
486
516
444
621
939
318
440
175
492
790
800
218
333
106
659
30
78
192
608
466
450
878
182
450
35
260
820
86
616
351
663
41
57
959
727
325
353
172
118
47
73
120
626
973
730
534
556
938
434
646
361
411
547
398
978
53
259
354
183
595
161
574
571
603
30
273
954
726
982
120
810
696
436
359
836
893
975
268
662
723
703
753
636
620
553
561
518
230
193
679
317
533
290
228
320
295
627
853
216
939
39
958
908
690
425
480
98
42
96
387
168
739
723
250
552
844
898
301
712
165
532
41
967
898
601
654
878
145
762
338
908
937
555
748
476
245
359
612
252
984
881
827
792
263
942
474
777
317
205
93
399
844
801
714
997
490
490
818
163
527
582
346
169
420
245
165
196
753
653
77
49
612
556
308
548
824
433
714
196
846
237
570
944
683
411
192
586
459
223
8
694
44
852
861
508
513
8
299
685
810
362
588
879
918
340
279
403
921
938
803
95
284
538
437
118
968
277
901
819
616
491
710
209
413
709
917
745
260
65
712
98
246
144
556
44
561
765
304
835
729
124
163
931
797
956
551
354
346
834
214
438
577
43
852
878
688
380
433
83
390
591
873
990
628
947
252
454
310
120
754
281
745
609
925
691
877
397
810
257
781
346
105
359
973
151
128
718
93
510
54
136
806
570
674
970
537
707
640
498
70
616
881
95
68
487
458
130
747
240
980
91
868
684
35
296
190
871
386
529
522
133
581
609
996
975
615
511
62
772
304
576
576
401
365
504
825
628
232
497
28
798
180
527
195
43
230
294
503
361
471
180
499
978
828
586
373
341
243
99
987
289
986
334
291
258
164
307
993
68
332
411
168
872
735
732
925
412
506
337
472
238
909
246
850
867
427
221
852
336
244
415
321
171
986
539
688
156
854
471
351
705
522
336
629
399
963
549
807
250
725
459
197
131
707
939
994
921
979
672
534
899
699
109
489
594
678
80
863
638
449
606
361
124
113
897
934
460
410
723
154
816
57
605
240
405
885
162
957
977
621
81
183
129
556
744
45
467
59
471
409
229
689
652
910
486
514
869
816
224
74
812
778
65
745
136
958
98
633
770
900
672
165
388
765
164
755
447
375
814
188
426
997
51
535
509
330
445
88
731
732
141
479
331
686
966
557
898
936
26
525
687
136
394
948
755
828
422
411
452
881
195
607
339
94
764
479
814
623
477
671
551
874
335
244
415
307
79
979
431
474
134
876
968
870
854
587
515
623
292
217
502
144
571
157
567
704
252
174
170
791
568
158
501
313
218
732
392
690
145
954
875
389
917
324
828
186
63
782
736
833
175
70
140
881
545
968
431
626
180
196
730
639
766
633
435
426
621
325
176
745
615
280
195
805
89
490
481
106
834
546
42
5
932
635
707
290
645
134
692
612
369
206
563
29
34
521
413
130
71
829
573
377
618
604
501
746
240
267
669
952
743
568
486
565
229
617
977
271
413
631
370
943
173
638
205
120
929
19
163
488
434
127
150
714
429
656
582
878
917
578
732
589
863
242
981
405
591
22
684
538
131
301
347
373
983
722
865
949
455
180
687
350
328
438
301
437
972
554
273
68
545
609
24
118
666
102
801
106
735
651
384
47
972
326
164
529
800
75
619
811
832
573
305
317
424
283
577
45
381
216
780
588
475
886
200
427
763
24
589
637
272
376
198
622
995
485
758
89
746
852
590
925
755
642
252
669
810
826
740
189
730
209
202
417
490
648
546
326
280
156
317
259
374
302
809
726
655
328
290
794
57
981
84
344
649
18
345
793
830
60
604
564
38
165
48
947
421
857
563
799
615
82
816
580
884
739
128
395
693
910
502
79
294
550
547
701
471
877
633
841
213
282
341
742
744
171
484
395
715
354
587
358
7
573
712
402
756
130
197
278
922
243
656
771
487
981
799
419
922
723
312
742
760
89
245
638
837
365
644
321
863
217
111
575
177
203
943
864
313
420
858
914
588
110
934
212
299
735
440
159
519
557
487
435
902
312
933
175
388
101
62
908
789
571
566
324
941
795
23
739
63
786
17
4
70
619
283
620
278
178
280
903
612
683
278
909
40
533
792
368
291
276
613
535
34
846
620
975
407
39
911
988
700
51
92
916
46
869
992
17
629
856
739
803
209
42
763
967
316
30
184
902
140
592
330
369
967
149
874
583
749
835
349
281
628
153
697
56
874
691
968
977
866
727
323
425
234
685
813
724
633
923
277
254
687
276
725
589
296
721
9
524
30
923
851
365
448
631
603
723
873
726
899
531
753
346
362
442
66
14
394
468
397
833
325
474
727
967
78
549
829
769
942
807
619
615
975
130
150
386
503
592
376
45
193
766
20
456
351
119
919
167
345
63
518
22
595
108
113
283
549
808
875
864
695
202
432
450
334
448
335
580
482
759
341
696
784
51
379
38
244
946
195
843
292
583
922
899
187
29
68
711
695
679
864
615
868
29
481
8
951
900
38
53
457
271
511
543
201
838
24
222
334
118
245
293
499
235
233
394
119
153
538
829
17
471
874
607
132
561
515
559
148
198
177
606
752
596
480
520
527
171
589
499
472
943
296
662
200
290
649
367
645
246
609
114
430
39
185
440
98
477
484
149
773
405
948
304
898
525
543
651
472
31
23
853
481
536
930
650
94
250
412
395
297
569
651
157
349
982
455
459
672
966
62
67
264
374
719
488
369
132
75
973
531
899
34
965
188
341
775
860
995
476
203
671
252
193
96
235
98
441
864
564
631
815
477
722
313
583
119
915
195
77
172
435
55
937
700
911
769
824
469
132
374
187
949
427
368
614
925
506
444
630
751
266
368
896
331
872
420
157
623
809
520
623
246
670
637
222
304
345
722
554
965
653
588
245
187
417
945
21
677
629
189
716
461
351
151
17
470
450
22
761
35
879
453
969
793
821
188
545
958
826
482
130
309
505
793
575
716
335
653
95
531
382
328
325
907
94
651
105
10
883
576
253
229
30
580
612
105
165
969
380
915
270
363
451
95
961
465
787
209
312
143
794
336
918
776
826
895
62
683
231
804
13
820
177
651
527
751
464
492
435
40
116
194
632
814
328
324
244
147
971
868
32
373
207
330
258
125
352
534
949
76
758
58
601
214
783
909
364
571
558
238
228
802
705
658
482
344
122
180
820
852
671
446
28
695
543
334
530
709
187
552
692
626
175
651
866
782
726
403
275
693
927
713
914
599
379
503
889
3
687
410
659
621
880
564
219
261
634
81
397
679
819
886
5
397
994
437
981
592
179
347
409
486
581
198
799
813
521
806
94
108
852
780
855
964
602
743
88
136
323
806
164
638
139
822
989
318
118
245
952
721
315
786
834
172
107
265
667
427
591
342
165
508
341
761
92
610
93
558
885
575
15
710
122
935
500
198
332
327
459
325
731
185
627
768
766
330
567
239
426
936
233
59
480
894
87
982
795
631
844
797
31
502
837
226
3
399
324
425
40
818
786
217
614
79
279
356
627
958
721
230
95
669
572
826
326
43
373
981
667
263
968
207
5
28
922
825
201
164
81
785
263
911
752
75
219
804
384
560
541
624
956
841
677
38
259
35
186
14
328
707
451
230
12
597
472
51
899
995
505
702
994
652
689
27
505
783
375
186
762
657
827
972
777
753
740
554
168
172
577
966
386
263
531
14
810
932
774
50
937
597
355
549
648
104
540
814
907
650
895
237
757
165
727
725
663
257
144
760
559
238
401
285
96
935
945
16
218
9
47
565
793
204
472
85
385
362
642
746
487
721
911
558
724
464
322
291
525
43
297
761
898
855
709
574
86
80
835
747
3
367
748
368
768
955
525
824
23
193
830
99
722
689
993
347
478
120
10
553
687
694
92
625
423
825
279
176
505
964
762
816
734
5
43
136
301
481
534
701
268
427
561
512
260
259
33
262
173
73
166
632
535
852
284
308
841
825
697
361
762
356
540
722
587
484
615
355
377
524
224
691
796
228
651
45
378
223
59
661
429
72
966
377
409
544
657
828
784
253
520
649
833
66
390
891
491
939
183
955
701
110
14
142
659
520
466
217
482
330
878
357
23
250
487
187
431
426
487
264
634
791
980
295
31
15
396
138
282
465
666
990
988
914
639
315
886
828
5
531
687
247
868
129
810
733
602
88
576
36
142
166
266
368
8
90
328
564
375
382
640
130
920
179
64
58
42
466
534
737
793
236
52
741
61
37
380
665
302
382
541
669
281
850
855
537
491
596
952
657
471
458
104
676
291
82
948
259
322
514
440
857
959
143
107
144
896
938
714
684
685
809
101
414
342
218
994
744
62
500
283
882
1
757
522
541
69
725
396
492
58
905
979
164
602
15
275
532
970
302
235
400
543
306
206
362
442
446
136
623
404
221
627
594
775
286
428
556
960
701
973
592
414
9
991
688
582
163
659
949
530
48
151
146
626
851
230
214
17
227
804
561
788
359
280
233
960
883
45
926
520
666
562
825
4
91
317
572
182
651
751
596
871
487
527
441
121
321
938
867
330
672
412
290
55
495
701
984
207
956
762
555
661
532
649
533
614
779
933
567
261
135
256
710
651
818
380
698
549
789
103
882
57
337
497
710
288
386
682
533
430
745
490
122
315
619
716
16
159
727
944
519
265
898
488
893
592
851
215
671
602
956
379
26
661
911
842
107
796
594
779
989
969
378
292
99
666
298
215
526
927
658
127
318
398
578
962
211
682
660
129
46
180
48
435
719
190
807
631
961
164
119
598
333
301
88
449
399
325
240
904
174
907
137
928
850
455
817
520
93
784
494
219
46
80
364
363
332
172
217
351
726
193
583
886
512
356
357
240
593
912
974
52
176
382
740
474
879
267
763
727
113
190
157
211
266
401
281
897
548
263
231
839
958
11
892
715
740
57
384
577
869
541
886
666
874
501
398
671
988
829
723
748
900
169
958
141
787
252
526
921
61
430
180
241
171
768
894
133
912
618
265
706
586
652
48
702
355
951
984
149
47
786
803
406
235
409
443
385
775
483
853
738
579
969
751
728
688
873
152
453
119
107
299
715
384
955
195
672
369
677
376
852
629
882
57
155
382
852
565
518
225
315
205
990
95
835
451
582
859
430
664
667
961
216
486
997
843
25
476
250
716
353
46
833
756
548
791
45
488
244
654
381
283
170
297
872
71
333
685
746
35
36
152
196
353
332
525
235
313
380
609
597
393
868
817
527
382
875
704
480
646
684
182
289
383
307
609
221
95
927
221
140
43
777
830
943
656
751
356
214
252
221
935
313
868
594
335
842
225
569
574
465
20
594
698
177
311
819
905
734
346
295
454
642
672
881
806
388
137
960
428
742
476
38
361
231
592
567
836
711
720
538
720
774
725
553
362
535
570
270
253
641
138
918
101
63
214
339
969
532
833
56
66
295
256
179
770
531
636
389
607
713
126
74
883
783
939
563
453
639
762
598
298
208
964
31
278
553
732
693
190
361
34
281
639
255
512
164
363
859
902
29
703
640
821
974
864
786
457
70
138
441
267
417
85
592
736
455
179
616
394
774
907
521
507
741
810
13
586
669
747
384
98
625
70
116
859
719
709
433
599
485
236
669
221
454
885
567
158
262
982
28
775
173
160
924
897
286
37
400
877
698
365
630
45
622
982
350
500
508
924
868
585
99
79
651
692
579
69
172
304
226
622
155
505
501
742
154
127
121
513
571
882
285
477
249
542
857
957
829
633
895
701
547
706
745
843
640
652
113
437
722
643
221
496
891
887
635
672
533
859
115
131
201
211
936
954
258
101
280
351
356
675
362
743
243
364
625
15
512
490
138
408
892
650
417
283
157
425
424
128
737
99
43
95
107
568
60
630
832
210
615
759
801
239
422
869
139
10
120
685
906
775
711
793
372
820
46
643
755
378
821
263
866
614
261
38
866
524
206
321
409
713
719
709
742
875
523
525
186
434
671
559
139
864
687
493
759
21
190
38
601
255
846
104
658
275
906
438
272
169
581
396
131
173
904
895
230
293
244
191
164
352
6
473
779
845
319
327
525
97
438
862
910
613
995
763
196
878
648
431
4
981
835
205
445
456
720
530
801
52
668
88
30
816
561
907
965
82
787
48
257
4
810
225
535
475
572
29
570
410
54
9
695
318
971
990
756
737
767
578
176
916
296
972
658
827
406
138
796
550
518
97
122
524
603
738
862
310
436
264
11
507
79
209
231
262
895
165
973
807
627
563
66
315
169
191
227
736
362
500
990
262
651
958
370
841
688
879
177
571
461
927
704
959
224
112
632
851
931
804
209
752
974
657
182
620
970
102
567
961
317
918
297
587
107
118
933
342
148
774
664
693
304
286
919
922
567
926
742
224
47
906
875
31
612
37
659
315
926
564
86
831
485
589
428
806
801
205
153
387
355
363
398
219
181
453
809
272
979
201
711
551
656
916
360
997
303
465
835
294
214
885
952
446
862
387
545
628
278
381
979
181
134
387
919
661
310
947
18
297
507
988
590
566
397
147
107
975
374
786
119
103
594
880
351
572
510
259
334
303
646
987
960
914
947
534
923
147
541
368
332
756
713
113
17
803
350
674
356
124
247
723
864
327
67
242
652
66
411
971
29
862
925
931
651
287
20
24
155
882
191
22
837
276
501
185
313
870
948
245
684
395
929
349
233
349
308
814
291
317
694
171
826
551
988
565
547
855
681
155
200
848
772
512
261
291
450
544
411
942
47
956
337
483
233
609
990
791
962
726
485
326
594
106
433
639
156
109
330
416
290
829
497
523
900
789
656
621
118
275
522
295
53
113
817
47
717
272
884
823
473
557
402
907
8
553
270
97
886
357
169
898
378
952
314
463
805
401
456
330
81
722
148
641
646
695
210
685
783
527
124
968
107
760
810
725
624
311
734
965
864
78
244
327
551
128
818
104
930
803
551
119
676
525
913
954
365
998
937
836
141
263
127
904
185
177
147
513
543
627
696
940
99
880
409
517
446
274
633
448
168
530
513
869
192
187
921
127
878
592
164
264
127
430
446
14
180
950
190
79
643
327
34
942
330
219
11
655
925
991
589
911
631
684
851
432
279
612
899
765
445
38
796
436
134
62
746
871
263
783
972
431
810
97
461
462
85
114
84
95
869
142
235
706
561
703
372
397
808
686
952
589
931
510
437
54
65
877
619
358
379
63
973
564
358
613
663
555
85
142
326
117
609
879
983
207
847
305
811
19
898
83
868
564
571
833
765
934
672
956
785
924
512
177
29
401
308
360
364
425
869
866
363
195
573
675
44
161
654
901
623
408
209
869
233
988
349
285
772
184
719
675
666
261
467
574
136
242
461
770
524
322
75
398
161
8
564
328
604
328
448
97
538
118
414
230
270
573
558
173
111
327
513
523
788
193
510
65
802
408
207
707
253
464
43
576
208
195
761
164
278
518
381
647
315
337
436
304
895
219
244
673
431
879
506
771
662
365
80
430
417
656
626
945
141
302
958
859
253
758
502
798
347
720
517
898
892
521
847
180
618
343
506
290
993
112
558
382
680
286
782
713
144
103
84
505
937
842
663
419
241
442
499
403
694
405
65
749
421
825
273
508
225
863
111
261
892
28
422
643
745
579
368
926
485
357
26
213
362
602
607
660
535
279
611
54
849
86
115
640
520
211
905
600
685
784
695
143
904
153
570
253
548
730
401
356
282
200
832
664
635
785
165
212
632
913
866
586
268
615
567
222
446
855
404
175
907
966
588
7
965
490
959
838
220
728
242
769
432
29
288
686
245
791
692
169
765
568
97
500
48
435
639
542
363
130
51
51
752
618
753
83
251
664
922
995
293
774
887
667
800
244
212
782
386
479
616
324
54
195
584
578
945
214
733
45
217
603
419
464
91
985
432
90
859
579
26
386
82
305
878
316
571
626
707
426
749
11
232
717
522
278
141
357
175
752
331
496
494
424
950
559
137
255
175
830
860
18
37
767
661
209
370
734
299
714
654
572
695
68
725
284
584
142
821
933
351
484
289
954
891
376
690
879
156
354
764
299
182
557
65
414
654
786
179
278
129
639
348
901
666
948
75
646
286
208
760
400
269
650
363
664
585
574
885
651
774
323
317
540
597
734
316
587
559
303
746
72
222
703
464
911
296
430
915
376
13
59
317
797
467
970
470
974
569
791
359
139
956
258
318
498
224
65
53
615
765
268
588
299
56
167
920
456
207
358
790
871
860
310
59
538
530
508
661
650
253
872
370
997
284
402
333
674
254
416
946
978
261
205
407
281
187
506
805
405
937
860
817
679
956
321
419
690
305
948
618
733
956
240
834
781
167
993
21
383
968
771
584
286
86
136
532
899
643
37
307
173
635
356
590
357
321
571
536
880
190
301
292
704
922
865
630
735
9
275
949
129
315
664
977
883
475
655
597
334
897
713
681
507
17
338
419
113
431
928
664
907
787
624
755
234
632
715
704
597
355
487
550
610
305
727
314
582
192
896
314
657
601
946
460
311
267
575
399
455
425
791
664
805
559
154
265
131
183
243
251
536
511
902
995
101
673
233
408
748
708
233
343
76
583
918
873
284
460
385
611
782
976
271
338
42
457
42
351
291
798
158
83
208
494
70
350
691
597
835
6
801
747
11
680
638
829
28
537
309
191
387
563
944
274
36
408
840
472
679
942
760
639
672
78
703
566
403
734
769
915
867
476
345
517
133
593
152
146
902
67
417
580
294
850
216
697
364
494
380
554
203
833
987
734
848
892
346
467
995
363
372
721
469
901
79
194
919
408
642
463
880
463
159
85
636
50
493
888
148
809
718
720
214
409
648
844
91
202
120
29
417
883
55
916
166
802
613
354
734
518
287
467
909
632
590
375
345
94
972
584
199
82
133
761
819
88
155
335
198
949
980
583
216
719
506
717
292
313
870
854
70
961
870
324
157
52
385
701
619
877
986
540
227
814
395
92
7
12
605
636
336
688
221
887
427
169
861
887
48
218
578
497
809
833
563
823
428
858
364
80
68
448
935
207
420
160
677
428
667
363
769
93
552
259
4
799
854
683
145
386
612
227
747
230
235
667
594
946
695
944
10
241
122
702
206
183
874
12
852
623
147
235
433
41
887
789
146
748
396
805
805
808
390
106
211
98
195
487
358
3
610
804
529
464
714
457
539
323
26
251
225
930
23
275
128
256
923
639
33
918
965
484
803
750
431
176
222
869
153
143
956
278
260
225
616
839
349
613
737
286
382
180
689
471
283
897
715
69
402
301
635
262
327
807
145
315
266
880
242
346
575
108
238
982
555
870
35
803
657
114
330
833
174
506
661
381
562
400
154
804
863
390
696
551
30
851
424
687
782
69
843
314
383
473
828
379
209
402
794
93
598
602
977
908
348
907
291
246
261
881
927
599
211
203
515
620
142
80
904
51
82
452
729
560
845
67
922
285
668
391
499
900
841
248
91
483
592
689
809
652
694
385
930
710
368
464
367
455
545
287
860
391
993
564
60
795
665
638
39
37
802
47
989
186
24
117
177
81
435
857
517
59
888
215
835
918
108
113
411
252
659
743
90
934
720
971
118
142
407
934
210
555
170
997
727
374
234
108
56
985
118
32
341
689
987
137
127
91
622
213
835
841
324
197
553
356
231
379
35
468
756
952
713
680
912
211
845
354
894
215
68
130
650
56
927
466
972
618
373
531
66
880
966
655
634
123
729
303
829
655
422
432
926
384
96
339
814
545
869
245
769
41
610
252
436
742
783
387
951
78
207
2
362
615
361
420
992
79
667
472
455
676
285
51
376
774
661
822
197
389
94
270
830
138
509
203
374
516
342
646
343
219
65
527
706
63
465
764
497
253
303
783
523
664
692
112
182
442
574
854
301
838
296
297
529
469
222
230
190
283
422
191
288
559
512
415
235
797
35
773
116
764
866
619
360
395
159
770
406
584
482
71
78
15
624
695
167
915
422
558
239
663
391
236
330
495
411
247
963
450
105
140
963
421
128
486
886
945
403
121
135
459
219
252
738
204
250
396
962
9
361
416
455
840
910
104
616
907
308
270
825
676
929
306
259
605
979
652
566
92
753
642
874
114
696
283
793
58
605
185
234
76
299
356
89
816
35
945
966
97
675
927
324
863
288
199
1
793
380
351
413
424
695
917
919
747
685
775
384
910
146
881
25
966
15
53
369
562
288
299
356
801
429
845
39
38
701
41
557
106
806
501
716
797
865
240
170
762
678
494
563
929
599
55
166
477
912
54
585
879
863
671
239
438
414
152
599
675
492
179
714
979
703
621
327
751
840
405
768
56
294
201
719
102
87
436
490
482
790
817
842
826
484
895
725
226
921
569
454
123
493
937
704
760
587
603
682
928
95
299
760
16
288
573
707
338
33
268
626
979
57
775
720
947
866
856
977
179
586
681
67
783
5
584
185
929
972
343
532
118
255
362
470
161
112
397
934
217
160
512
878
532
730
947
320
648
563
178
255
408
382
836
161
326
430
126
178
271
199
110
174
732
369
738
153
189
162
207
285
441
694
803
736
587
37
130
841
309
13
911
953
827
972
113
213
108
504
149
164
852
510
417
559
408
914
476
784
252
652
17
589
185
758
242
742
18
168
793
784
679
100
579
540
443
804
351
347
687
21
462
920
726
805
636
916
308
777
605
279
797
491
641
680
14
199
59
704
571
260
4
9
527
859
223
834
239
19
115
191
977
751
56
904
680
379
633
121
704
479
162
351
784
106
908
13
410
711
666
718
25
406
78
507
854
281
41
676
760
298
953
972
58
454
727
957
984
678
683
35
904
972
997
178
706
657
420
50
42
824
301
202
655
561
944
272
2
368
317
388
510
639
500
378
429
242
980
400
547
602
974
199
359
634
888
872
772
486
578
895
631
862
109
801
999
518
845
311
121
38
451
942
828
443
209
862
722
517
444
113
459
961
963
858
287
677
349
900
517
582
539
598
349
988
770
95
254
67
703
670
943
77
53
568
691
155
592
38
517
810
456
199
89
577
44
972
924
844
809
458
294
111
157
537
212
608
610
508
125
49
833
737
479
214
69
161
412
847
619
769
393
770
928
557
681
557
654
684
670
998
915
326
6
689
589
910
963
519
544
981
381
858
515
611
732
920
753
954
574
223
394
544
352
566
47
489
287
934
955
525
827
910
87
369
17
422
712
983
804
765
207
226
238
400
173
129
48
224
796
649
540
437
264
314
710
166
785
107
101
151
105
856
856
498
411
770
160
922
405
919
861
867
24
25
207
577
142
969
470
278
883
319
271
24
737
514
655
335
224
856
44
801
857
280
800
925
835
756
439
193
114
137
392
912
448
367
441
79
19
585
67
411
905
810
37
907
191
132
403
87
353
906
719
449
826
819
896
97
877
878
448
600
785
638
795
143
188
22
494
223
259
637
395
642
98
937
846
181
762
416
746
247
378
249
50
665
304
896
727
441
481
280
884
256
769
934
3
751
855
475
637
232
332
285
725
433
542
718
398
74
414
423
796
11
40
428
516
622
33
468
624
430
219
140
707
772
453
441
286
147
405
420
639
800
48
355
781
417
63
237
857
650
899
90
119
291
462
118
389
703
21
29
592
683
445
485
836
754
27
54
114
783
854
92
57
131
230
204
394
754
622
328
132
816
43
566
323
801
473
919
854
569
922
274
591
817
202
945
365
78
605
208
215
17
424
268
891
92
652
583
926
760
452
448
157
597
130
182
290
97
516
194
906
988
177
717
324
261
450
203
795
729
505
760
353
355
584
97
997
320
958
720
94
274
719
187
897
567
399
447
861
814
298
81
598
143
49
234
110
291
139
690
458
692
401
174
569
706
989
127
616
75
89
573
31
95
475
486
587
943
553
26
387
403
366
428
259
498
787
511
285
445
869
937
77
283
230
324
329
853
565
394
588
946
145
125
644
829
590
915
427
859
486
796
31
565
936
633
640
712
672
262
120
42
773
740
634
79
750
741
520
829
86
415
718
351
598
711
87
803
554
442
309
739
247
712
68
616
555
980
440
382
674
720
896
518
443
960
506
820
811
240
58
330
525
287
709
140
178
413
50
308
724
83
758
409
736
977
449
700
812
332
451
940
885
141
190
482
491
657
171
728
516
636
537
183
156
68
364
404
9
942
682
307
869
367
479
562
181
158
692
697
244
28
32
942
248
431
301
836
112
271
679
455
662
927
155
984
722
295
256
145
69
250
252
174
461
943
25
692
890
654
253
155
788
348
996
528
745
162
248
33
150
977
984
37
466
927
243
422
904
382
750
583
889
390
942
774
15
346
875
903
806
16
541
701
367
959
960
834
959
457
512
67
831
252
769
578
752
463
490
450
270
539
741
792
740
315
932
520
85
439
764
346
293
121
555
767
732
162
271
54
380
185
876
512
823
469
796
425
606
647
174
773
293
931
273
698
947
463
862
600
695
165
842
710
461
835
666
860
980
109
292
397
306
84
490
539
329
929
214
307
944
7
205
710
579
956
882
974
782
731
664
573
111
297
687
353
732
519
950
937
