-7917
-3163
-5361
8631
-8868
3774
1452
-2171
9994
2895
-1939
-3638
8912
5079
2938
-9810
-9405
4211
638
-8871
7331
-6360
8848
-7965
3810
-3413
2105
-2922
2004
-6607
-2339
-222
55
-554
-4820
-1869
7745
-2591
-8116
-4620
753
8838
5030
-1344
6679
-3297
6058
-1124
7046
1351
2664
-7477
6032
-3030
6895
-8211
-5418
1282
817
-7926
7541
-5636
-614
1149
1468
1674
-5623
8532
3519
-2415
-5509
5162
-3648
-8068
421
-6048
-885
2939
3641
9237
4462
-1748
-1343
5679
8343
6291
-310
2286
2375
-5849
6948
4663
2343
-7660
-3862
-6418
-6006
7648
-8674
5873
-4807
-8258
-9003
-1182
2477
-6821
-7791
5955
-7234
-8110
3013
-3909
7117
-5043
-9872
-6231
-8442
9402
2006
-7503
9461
-4797
-6929
4949
7684
-232
8091
4917
1498
2859
1508
2420
-2462
-5865
-1705
7665
5846
-6620
-1452
5874
-6644
8294
-7483
-4815
1317
9039
-8787
-6723
-7691
9247
9088
6955
-3022
796
209
-9495
-5362
-2884
-8245
8179
-4243
-4504
-8373
5717
-2821
1246
8971
-5184
-9453
930
9817
3153
-224
-4369
8890
7236
-922
2949
-5348
8568
-782
2946
7314
-9806
6676
229
-5550
-4425
8958
3481
3018
7574
-7927
-3531
-1728
-9995
8503
3818
820
3924
-2910
-7478
5218
8739
-4357
5105
5496
-1066
-6124
-4247
-3363
174
-2948
-6891
-9820
-6774
-4447
-8431
8845
4559
802
-359
-3959
-7764
-5762
5377
-3056
9983
557
618
9380
8812
-2901
-1374
-2435
1437
3504
-5786
-5281
-3442
8776
-1034
6316
3437
-3608
-4323
-9017
9305
5591
3183
7127
-3116
-9340
-5502
5524
3526
6742
-7029
-628
2888
-902
-9844
-8532
7476
-1725
718
1099
1909
5788
-7280
-9505
-624
9845
-8666
7534
5156
1507
641
-5422
-1546
-3713
-4398
-9116
-9732
-8573
-9549
1923
-3527
1716
3252
6627
1270
5955
1874
-1892
6987
-4753
8514
4612
-2298
9766
837
5050
-1151
5666
2253
965
-6141
2830
8260
-4926
-8074
2578
-8035
7529
2629
2060
-2791
-8275
-9340
8502
7310
-1932
5975
9214
5271
-7657
-5856
6539
-4821
375
1675
4043
-9734
1674
-2407
-8693
4989
217
-5095
7539
-2072
-1049
-1112
610
-7949
-1307
-9956
8029
-4792
-9687
-330
-7187
5158
5483
-1643
8183
-4018
3423
5922
-4354
7017
-4703
6268
5419
3212
-1820
-8330
-5508
9252
-4164
5888
563
-5040
-7715
6712
2192
8527
-818
8931
-2425
2806
-929
4309
-3553
-2362
-3281
-6759
-557
-9725
-5925
-9340
-1683
7272
-2698
-5259
-7162
1241
-7954
-2428
9688
-655
-5400
5039
4594
291
8580
9312
2606
3875
455
-4004
590
-3211
-1375
-8292
-8523
6987
-718
-1644
7958
1976
9683
1866
2944
2369
-7324
3015
-2617
4566
8116
-2131
7716
-2041
1661
375
7424
-4753
5772
4515
-8492
-1209
5050
8545
3542
4736
-9878
7040
-8776
9
9089
7006
-7861
-7419
-1601
-1900
-4586
2656
9892
-6312
-7347
2089
3299
-2647
1340
2828
620
-1032
-5896
5723
-3418
6832
265
6078
-3502
7122
-4973
-6768
4706
1809
-4657
1430
-7319
-5060
-7013
-2759
-9975
-4132
6574
-1405
3432
-3463
13
-1637
7389
5725
7628
-119
4034
535
3716
5102
1955
4252
-8510
-4686
6366
-7365
-5974
2599
1547
-9182
2006
-6239
3461
-6495
-8371
-867
-7235
9598
-5970
-7225
-8949
-7041
-9948
2931
9408
-1410
-5251
-9647
5703
-9080
-8074
-9537
-7035
-8426
-3526
5202
1487
-7978
-1588
-4395
9629
9938
2199
5679
7857
9250
-2451
8805
-8088
1108
5759
3461
-3789
-4384
-260
-2710
-6160
3407
9710
-1232
-1057
797
4569
4080
7846
-1926
9216
1892
8118
-2705
-4092
5639
-504
-9323
2816
-3284
3089
-7531
2879
9863
-9741
-6835
-8268
1539
6203
103
9493
2629
8140
-2071
5263
-4959
9144
-7574
-612
-4321
-7160
2328
8530
8154
8973
9997
-7600
4486
9730
6769
5784
4485
4359
9998
-3819
-1343
3968
-9237
-2239
589
-6615
1560
6188
-6358
1065
2692
-2961
1377
-1247
3209
2010
1613
-7319
850
-7588
2651
4930
-125
-3317
-680
-81
9144
-1074
529
2324
1439
6027
2753
2634
9846
6288
-5554
-7549
-977
-7857
-8935
-5550
5186
-7907
3786
-3285
9897
-7626
2827
8790
3134
-4679
2616
-1198
-6324
9331
-622
2416
5439
6035
-31
495
-4961
5379
6182
-6691
6251
6099
-1855
5918
4034
-6627
2558
5947
956
-2311
1975
-8117
6327
5451
-2752
-3187
-5821
-6132
-6260
9709
-1811
6131
-3538
2593
9157
1053
-9543
9306
9154
8010
226
4868
2005
-339
-6329
-7053
-7081
-760
7506
3371
6031
1290
1016
4380
-7582
8370
-5883
-4782
9840
5307
2979
6005
4569
-4816
-2800
842
-9941
-7084
673
6460
-2381
-8962
5969
9990
3453
6195
-5114
4354
9014
-9307
7904
-6821
-8532
1304
-8406
-7725
-9267
2219
-1516
573
2164
-2994
-4857
952
-4411
-4839
6178
-7288
-9864
-481
3864
-8909
3644
-4334
-9920
-1215
8375
-838
-353
1468
1000
-3655
-4952
5541
-659
-6307
-8096
5145
-4629
-9401
8127
2449
-657
-3058
1537
1189
1055
-8735
-2564
2853
-9501
2172
9797
-1414
-9874
-7918
-5415
-5044
-8473
138
6135
-760
109
-1113
3363
1949
-2553
903
3797
-6500
-6330
-2466
-6843
-9212
1985
4851
8619
-9200
6506
-9208
1451
-1117
-7043
-1596
5039
-7731
-9739
8332
-4467
8325
3657
-2654
3505
351
6963
3633
-4107
3811
1464
-3834
3559
-3917
5495
-5394
1663
8768
9765
4390
3452
-3687
-117
4338
-7393
6671
-4323
-1763
7021
-8718
-6579
-9629
7005
283
-4380
-5218
1038
6225
-6325
-9638
5626
-6091
6235
-181
1307
-4628
-6666
-9275
-204
-4352
-4258
-8354
-5544
3573
570
3061
-2424
800
-6592
5295
-658
828
3582
-7543
1840
2861
-4663
2723
1699
2097
-2828
5111
1694
-9243
-239
3004
5832
4500
-2144
-8888
1675
-8652
-6021
-8000
8121
4067
363
2734
-123
-6177
-7734
-6751
-2410
8937
-4550
59
2938
6774
-8044
-6978
-4969
-6963
7045
1820
5110
-7597
-5190
-1764
6005
-8361
-3461
9308
-9269
2364
-4075
1211
2
9796
-6174
-4837
8547
-6250
-869
6858
-3676
4354
1949
6381
-7150
355
6740
9071
-1479
2006
8616
-6513
-2203
-4755
1818
-1288
5213
-5665
-9329
6043
9243
130
43
-9257
-1318
5422
4917
-3433
-5085
-8952
-4937
-1537
8302
4822
-2039
-413
6641
-8683
-5861
-176
5751
-15
6697
-5098
1842
3815
-7000
-1761
-662
-266
2619
5071
782
-6269
-1281
-6388
-6313
-2550
-9731
8508
8407
8417
703
1344
8560
-7324
8486
5482
3231
5894
-52
-8236
8792
-6619
3104
-2066
-4337
-1790
-2866
8954
9588
-7384
563
6903
-4814
6276
-6739
6351
-1726
7516
-9073
1196
-7413
-2328
-4324
2277
-6745
-9482
5056
-1094
-1665
-5969
5141
123
-225
-1398
6844
-9095
-483
-8492
3641
-8162
-5029
1152
4106
-9620
3066
6780
-1305
-3259
-8591
-3879
-7777
7083
8002
8154
-527
966
-4005
7354
5462
1945
-169
7037
-2104
999
5468
-8097
-8529
-5131
-5242
-7109
-5696
6406
5530
-6562
2681
916
8928
5450
-9202
9382
-600
-9767
-7614
8646
-1123
-6910
-7770
4185
-8962
-5461
-3846
3276
-2490
6913
-1183
1574
6707
7051
-6776
-4848
8731
-8789
-6317
-1782
-6386
-8082
-5908
2409
5458
1707
-499
-8010
7750
-9294
8809
5828
1455
9114
-2837
7879
5964
8322
9184
8481
9830
4603
-6588
4129
-1311
-1949
2239
4354
4339
2044
-5863
-3548
-8307
2795
3262
1757
6472
-155
-604
-9888
4058
7505
944
-8614
7836
-9999
-3394
4008
-5630
6344
6890
8183
-9797
-4642
-7339
-2599
-1366
9078
4706
-4668
-4138
9795
2223
4278
-2546
9053
1469
-9724
-7569
-6779
-6372
-42
4084
-6328
4984
-5283
-525
-6960
7469
-5893
-7841
1960
-3561
9121
-4638
2879
1224
-5374
5610
8627
5476
7742
-6317
4803
3155
4117
-5472
3778
-9980
-4776
7014
8107
-7469
-2625
5134
2179
-6270
-6990
2418
-8751
9673
2376
8046
8302
696
5293
-4254
1024
-9819
-9319
5684
-2358
-9661
-4408
-6870
-4733
-5218
-3424
3614
7927
-6792
3608
2683
-8863
9536
3378
-7769
6227
5144
-3233
-6417
2766
7319
-7877
-3037
5018
-164
4548
-2085
8993
7191
2097
4915
-6662
9509
-4606
-3057
-6211
-5854
-8066
4904
-3281
1797
-6143
9401
-2792
-7971
5441
-739
8133
-7280
-6944
-9639
-2689
2114
-9879
7218
-6290
-5682
-8551
4379
4129
9595
8870
-3860
-2524
-9755
9851
9721
3545
62
783
-3520
2463
-9202
4418
-436
8927
-3622
8529
-9077
-276
-6052
-1588
4510
-3939
8781
-5279
7860
2930
6957
5214
-938
8116
-8214
2856
4259
-4357
4281
5539
-4848
-6027
5206
-445
-8614
-8406
3978
5550
-9807
-8220
887
3944
4745
3857
-807
1446
5588
5343
2224
3796
-259
-2401
-8104
1681
-7008
-8457
-9488
-2468
-8452
9187
7573
7862
2906
6164
8357
2424
3298
1302
896
5789
977
-266
-8195
7772
-6675
1759
6953
-7632
-5587
-4309
-2009
-7868
-6768
-1597
439
-5330
-2810
-6156
522
4868
-5240
3403
-3598
5358
2329
-9241
5594
-4186
-9876
7758
9387
-2220
7758
-101
5366
-4183
-2117
-5343
3353
7159
70
713
2947
-2830
-2119
415
-4508
600
5052
1083
4530
-8666
8759
-6921
-7873
-1355
-3901
-9590
-6741
7385
1566
-4882
5783
1597
-5449
3175
-4815
3050
-4024
3464
2448
1653
-4170
-436
-2806
-4904
-9117
9308
6628
8803
9178
1621
5350
-184
-2484
5524
-1790
2038
-9556
9234
-2767
-8607
-2495
8446
-3264
9010
-6187
-2099
-1388
4235
-2503
8658
-1318
-7110
-3180
2609
8827
-977
1144
4612
-7386
-8918
-2533
-8032
-5855
-1248
5752
1726
2965
-3244
-1448
-4349
-9122
8169
-9144
-8067
8232
-15
-5489
1467
6625
-2639
883
2974
-239
2479
-9558
1126
-4901
-2442
-6679
8581
-8606
6781
5196
-5276
-5677
-5028
392
1535
1989
-9040
8076
1164
1242
4700
-934
-2896
2015
5346
6559
-3581
5057
9748
-1404
-798
9170
-2916
-4782
-4126
-4468
5409
-2891
-1713
-780
5935
9644
-3550
-4680
7640
-5796
5356
-7346
-557
4915
-9987
1857
-1538
-5194
-1355
-5816
-7214
3511
9069
-7224
9482
-7251
1472
5276
-4979
-1360
2361
7875
7204
6339
939
-1998
8652
-4922
6349
1634
6207
-737
2870
5383
-5400
7221
-121
-735
-1564
-9257
-4301
-1462
-3449
-7021
4841
7810
-9581
-7708
4095
3789
9395
1163
-6960
3158
4678
-2683
-3519
-7688
1480
3091
5770
1398
4622
-7912
-709
4693
-6805
1233
1245
-1141
8996
2879
-1599
-6720
-1452
7543
8405
7504
-1254
2413
4307
-5646
-1528
-9254
31
-7504
9082
-1783
-2537
-8240
8636
4592
-1051
9347
3537
-903
6594
-814
-5742
8656
-2152
7240
8767
8084
-1969
9295
-475
9582
9255
-6106
3308
-9215
1348
-2350
-1216
-4495
-2167
-7328
2360
-6790
2541
-8024
7107
-3793
-7892
5682
-8709
-9672
5958
-5016
1926
-6925
-3438
485
-9373
5576
-3778
687
3260
4038
7748
-5328
-4253
7454
-2280
949
-9378
7143
4819
-378
-1954
9023
-2828
-3230
-19
4955
1053
-1559
-9460
-8725
7387
-4170
-9906
-9651
-6512
-9104
8815
4739
236
470
-1467
3385
2899
-3810
-5582
-1518
789
8915
-6621
-6549
-785
-7179
5061
-6391
-5503
856
6886
5427
-765
8456
-9297
-7157
-5326
-9234
873
-7976
727
-4136
-6230
3106
-2805
-6405
-3739
-6768
-5215
6108
-9146
-9655
3577
-3437
3507
-6196
-4757
-4349
4663
-6656
-5831
5069
-4597
1475
-6497
-4360
-5730
-5148
-6754
4439
7752
9421
294
-3362
3746
-9920
-3497
2030
6866
-7492
-4233
-8250
-8136
-3791
302
2405
-7455
8222
-7106
-3215
5814
-8307
-5678
-3559
833
6709
-8487
-5724
-1507
358
-1165
1623
8446
8322
215
3377
4742
-6665
6132
-4386
-1392
8192
9769
8530
-7350
-8896
-3082
1038
9450
859
-1605
2659
-4031
-7667
2081
-7859
8051
-5265
1405
-9696
3767
3057
7456
5114
5060
-3017
7006
-9086
-5262
-8724
-2655
-6157
-1843
-538
4643
-110
7052
3285
-1815
-3653
306
6161
6249
-5094
4244
48
-8083
5768
458
4596
-2406
-8994
-3035
4743
-1421
-4158
7335
6967
-3800
-6548
2734
4210
-6066
974
6066
3038
452
2512
7633
-1851
-217
8048
446
-1139
5923
-2804
7172
-6385
-6960
7100
2517
8029
7959
4125
6589
-7862
363
-1798
-4996
-4124
7588
1676
2258
-3880
1259
2898
-2449
-6317
-8637
3082
7181
7133
7488
-25
3745
-2155
2927
853
-6570
-1429
-9409
-2537
2182
4307
-507
9527
1819
-5276
-534
4659
7297
-3189
-7412
7189
4588
-2888
-6848
-60
-6554
154
-6115
-6630
-2609
8578
-5886
2285
8794
7217
-8097
-1009
-6250
-462
-9893
-3266
4709
-9092
-8488
677
-3652
-8851
9961
-7289
4537
8387
3314
-3851
-5485
-5811
-5941
-3792
7341
-355
8246
-6507
5950
-6468
-3165
-1970
-6857
-2463
-9172
7518
7247
-1202
-9920
8908
-7003
-6358
2330
-9870
958
-7692
74
5812
2134
-1163
-4895
-9401
7762
-2380
8663
-8571
6440
-2068
9288
-9370
-2879
5057
5245
-3403
1843
1398
6266
-7718
-2540
5652
-3483
-705
-4092
1452
-5118
-2832
-3405
-4530
1340
9334
4604
5100
381
3274
-9456
7937
-4853
9786
-2180
-581
3865
608
-2842
4903
-2038
-8438
-7153
-4815
-1140
8149
-437
-508
5768
5027
5186
-8036
-4019
-290
6454
7337
2180
-7586
3337
802
-9760
8097
7509
-3430
3087
6211
8966
-9372
-2820
5258
-8847
3898
-7673
-3621
9922
9202
-3872
-6294
-2120
-2362
-670
3527
-2375
6202
-2612
2414
938
2964
6433
3856
-852
6019
8885
4164
6652
5234
-8118
-1416
-6080
8763
-2814
8625
4354
-2382
-5827
-8256
-3643
4690
6124
7467
-5195
7189
9279
6009
-339
-5499
-3399
308
-307
4705
7693
3191
307
-2640
-8388
6961
3922
-4390
5576
5537
8026
8299
7552
9747
-9365
4130
3824
-4988
-537
858
1348
-7336
7965
5223
2484
-8399
-9005
241
-3121
-1591
8486
4887
-3977
-9709
-5249
6244
-7297
2435
5404
2129
7271
-8391
-271
-9715
7718
-9038
3658
7537
-6263
-6966
3270
6543
-6280
-7277
-9394
8975
-6121
-3404
-8507
-5664
-5191
6484
1370
2265
2925
5706
-1751
-7963
-6332
-4118
-1216
1956
-3697
-2786
-311
1142
-5926
6141
-9272
505
-1650
-2066
-6090
8574
660
4804
-4506
1879
-3870
-4166
26
7551
2595
-196
1787
7044
-7215
-8432
-2978
222
-4057
2307
-1214
-5047
337
2754
371
-29
2786
1517
9336
1998
6477
-6968
-3143
8876
-771
9489
-7129
-976
-9847
2923
-2301
-4050
-8097
-8613
8404
9987
7973
-8694
6454
3371
-2023
7871
-2449
4700
-339
-400
2316
-5960
-5524
-1836
6767
2214
6133
9827
8413
7895
3701
-7413
2929
-3414
-7155
-2048
-5176
-5281
2678
-7824
-9576
5010
590
2981
-900
-5825
-3138
-4569
4864
3595
2275
-111
6418
-5273
-3855
6789
5522
-3081
4199
-3258
9546
-4582
-2975
9383
-500
-426
-3840
-3166
-9235
-713
1011
-475
2832
-3157
4835
-4816
-2606
9447
-5209
6173
9882
9125
-9326
5514
5517
1289
6694
643
-1424
2036
-2892
4544
-5839
2768
-1690
-5240
5388
-3308
-656
6517
-308
-2998
-9898
3428
-9361
-3941
3265
1636
-3711
2347
-2107
6854
8352
8831
8196
-9112
9850
3863
9801
3635
5321
8954
-1184
-2433
3441
-9063
526
-5870
6369
5174
-9949
-8263
-5043
-7936
8137
-4261
-5063
-2642
-7331
-9873
-2802
-1535
-6064
-6674
-5555
-9739
9281
9478
-462
1985
-8998
-7215
4996
-2303
-9997
-6190
-6775
-2587
5553
3367
4048
2875
-3298
7175
2221
1967
-2682
6805
6014
6403
7200
-6479
-9146
-8418
-9464
1170
589
9913
3577
7632
6031
6643
7137
408
-5771
-7933
-1405
3626
9704
-5389
-6370
440
4050
1199
5629
8309
8646
-9836
-492
8773
495
5198
1880
-2446
-5173
-2235
-9743
-9186
-5306
8966
-491
-8871
-8300
-613
5436
6232
4829
-3386
6043
202
-2538
-3568
-5936
-5674
6094
-6721
6728
2552
8269
-4508
7941
6410
-3469
2238
5361
-4614
1519
6523
-9379
-6040
-5362
433
-5178
-6134
10000
4200
-5072
-3958
2208
-9902
-5134
-7101
-4562
-1944
4659
8596
-8590
3183
1408
238
6782
-6412
6904
283
-2091
2257
6942
-3543
355
-58
2728
-192
9139
-9492
725
40
1623
843
-8723
-897
9552
-7351
-6472
-4852
-5178
2942
-6241
7629
-2844
-8161
-6121
-4654
-8489
-1072
-4215
3190
-7482
3928
-4984
7621
867
-1152
-3706
4601
-4658
4865
-1830
-1127
-2936
-4160
-8705
7924
-4161
-410
-5673
-225
1959
-1258
6732
-135
8387
-6625
471
1666
5068
-1786
-4558
2635
5454
8907
-517
-2051
-7555
-9017
2018
-3936
4516
2967
-9719
-8999
6931
-9599
6519
6207
202
-7710
694
6924
-868
7992
1299
-8228
-9410
3046
-8594
6218
-1081
-1717
4801
-9153
-6068
78
-5746
-1838
9939
2787
-8061
5456
8595
-4115
8682
-6924
-7043
-8236
355
-8048
-3240
-3617
676
-7477
8712
-604
-7473
4739
-3635
5775
9759
1658
-5383
8313
1262
2387
1636
3425
1533
5651
2650
-9121
-5845
2024
-2856
-4419
3020
-6933
-2883
-9849
9244
-7135
2029
-7500
7159
-1108
-1251
-1876
-912
-2123
5166
4329
-81
3840
-2682
-8468
1231
6662
4306
9052
5578
-4822
5348
2102
-6444
3760
-5453
-9565
9231
7321
-2030
3418
-4346
4337
1382
969
-8170
2598
-3888
1271
-2829
2995
6462
-5500
9458
-7377
-5864
6073
7517
8150
3257
7977
-5802
8484
1822
7870
4503
4015
5339
-1873
-7308
-3869
-3354
9676
9052
-3149
-5084
-7610
7194
-9544
8803
-7565
-8898
4342
-5373
-9731
6581
8335
6526
-3672
8998
-2151
4362
346
9965
5946
9536
3371
-4779
2060
-8554
5112
4869
7193
-4292
6093
-1316
-866
-8518
-1506
5353
9574
6449
-3715
-73
4630
-5688
1066
5704
-5925
-5301
8536
1992
-1058
-318
-7738
-7831
9315
6926
9279
-973
2598
4894
6409
7177
4524
-8316
795
-4745
-1551
9960
9438
-5536
158
4573
-2341
1640
5369
8628
-7886
5802
6059
1858
-9704
5078
-1035
-8031
-8390
985
5871
7370
4993
8410
9756
412
6789
-838
-8171
-263
482
7354
4652
3546
-3356
3675
-8909
4758
8391
-136
1069
-8155
-707
2503
7774
-1156
-8389
7801
24
-4669
-9218
8279
-4879
-8254
-5212
7218
3583
-5949
823
8526
4271
-4943
-3139
-6455
4250
5706
-3028
-1713
6565
-7862
4285
2080
-2286
6658
-5140
-2695
-183
6964
9831
-4847
1680
-4961
7407
4292
4672
7048
-3297
1184
-9106
-1197
8850
-5938
-8512
-3693
-5247
4625
-2953
235
-3831
9944
9175
4650
-2833
-3809
4234
-2601
-7996
3699
560
-5797
1862
1891
-7147
8785
-9363
-7330
4821
7347
-6607
1500
3681
-7824
3462
7583
272
-1997
5659
-8164
6128
1083
5440
-9113
1757
-52
-3401
8329
4016
9695
-2988
-5377
7441
-121
9088
3354
-1227
-3101
5869
-2089
-3542
8134
5338
-1015
-3672
-3501
-7749
-6643
-8560
4424
9063
3466
7221
-3518
6149
4049
2263
-745
3842
-1405
-3666
1379
6853
-9201
526
-4142
1153
3285
-1780
-3015
5688
-2468
8381
5
-2722
-9549
4564
-5399
3942
-8600
7148
-3541
-8346
-865
-6293
9539
7876
-1434
4188
3
1481
-209
-4385
-2220
-6794
-5911
5868
8968
-5813
-5599
8538
3203
6512
-9360
3801
-5160
4013
-206
-1943
-7052
5660
3064
878
-3219
-1021
-9903
-9590
6578
-8586
-2670
7790
781
-3650
-5504
7084
-5379
2144
7785
-5316
3091
-5686
-8216
3758
8946
1105
-3372
-5975
-8351
7357
4365
6019
3809
8315
-83
-2854
1784
9003
-3119
-7171
1177
4153
-6577
-675
-6714
-4156
-9878
-4777
7863
-8878
-4605
-3118
7933
-1691
2776
7624
870
6925
-3253
6273
8806
6438
7843
-766
7975
-4358
-2399
-346
6234
-7819
425
1121
-3639
3977
-5903
3703
-6536
9716
-7359
7703
-6844
-2766
-9629
-5303
1209
7526
-4056
4719
-7764
759
8698
5167
5619
9006
2978
987
6460
-1866
5519
-3960
-8214
3576
-6498
8372
1254
8824
4627
-1033
2663
3396
-9818
-9150
-7089
-2489
-1871
2217
-1125
1345
-4823
-4497
-5908
-9354
-570
-1568
5408
-6493
-9451
-713
6457
-1807
-2139
9748
1765
-2827
7045
7851
7358
-5006
7809
702
-9005
8233
9897
-5492
-9110
-2429
5925
-8970
-1491
7239
7766
-6495
570
-2782
-696
-7980
6832
1862
-2032
4014
-3989
1931
-6461
-8103
-6549
-1566
-6902
4996
-2095
-7034
-3702
-7810
5210
-4868
6813
-1295
9328
-8083
7600
-7525
7851
7354
-4511
1943
-6423
5350
-898
639
3533
3269
2586
-6925
-5053
7277
1476
-2934
-4474
-958
-9136
3040
6442
-1254
8136
-1817
-3739
3683
-7039
-8581
1990
-7621
-8737
9652
5830
9695
1744
2594
4539
1700
3997
-2842
-9384
5493
-4375
-6266
3722
3734
8541
928
9854
-2920
-6837
4840
607
-1834
-33
-5174
-144
5090
-9375
6463
-1560
4268
1153
4217
2361
-3953
3297
2767
3696
2440
-430
-4569
-2423
-2710
8340
1738
-7765
-2901
-9703
225
5307
4876
6319
-9170
7770
-2683
703
8282
-2817
6786
941
-9791
6486
-108
-9828
-9854
-3869
-2145
1166
-7570
-1895
7471
9603
-4977
6979
-4341
4313
5636
-9569
300
-3714
-1437
7423
2710
-8287
7128
-5255
-93
-1249
6437
8244
-9454
-90
-9790
-4843
-1531
-1903
3075
1377
4607
-2625
6765
-7150
-3558
-884
-6745
-5116
-3636
-1737
1993
-6346
-8176
-5254
-296
8402
1587
1384
8216
-7892
-9952
-1923
1652
-2862
1572
-4470
5365
-5832
6609
-5030
-3681
-8768
-3613
4662
4190
1671
-4662
2322
-3136
-999
820
-3315
-6698
9909
1409
6226
9680
5582
-1414
-4939
-8301
-7350
8147
-1642
3871
-7238
7025
3352
-4034
-7653
-9962
-1072
1095
8544
-9973
5790
-3328
3424
4775
-8427
-1518
-6684
8871
-3867
-3724
4190
-9370
8653
-3886
-4517
-3217
-130
-6793
3471
-5500
649
6942
287
9388
-5563
7661
4147
-118
7905
-4311
-7417
9798
-9485
-783
5001
3310
-6040
7232
9526
-6266
3056
792
-7235
9114
1932
7978
2978
8827
-4740
-7476
3795
3037
504
3069
-400
-1019
-3839
-661
-7092
1252
3306
-7905
2274
6887
2725
4883
7192
6005
-8006
-2447
8744
5018
-3739
7419
-7547
9911
-7103
-1981
9728
52
-7453
-5707
1057
-6447
6943
3591
-7632
-2340
-9928
-7676
-5265
-9465
4286
-6429
-5473
-1639
9782
-9456
7094
3288
1458
9755
3863
-2690
-2257
3030
-5488
-3756
5545
2784
8905
-4646
7307
-6456
-5995
-2561
171
8422
8857
-9460
4994
7263
-7908
1531
6184
-5944
-8862
-6589
-1226
6161
2925
-9731
5686
-1989
-6331
-8880
3934
2919
7107
3575
2310
-2656
2167
5262
625
4609
-6837
4433
-9517
-7718
-8813
5336
370
-260
-2563
8545
5503
-1404
-164
5862
-5250
-1119
-2560
2017
9423
-3202
475
5712
-2065
-8427
6811
-7632
4254
2522
-4268
2217
-863
2840
281
-1249
3434
6366
-7087
-661
-6729
9458
7980
445
-527
-4109
8306
4614
7175
-428
9644
1039
9408
3959
-1029
134
-9011
-8927
-4399
-4024
-4576
79
307
-7283
885
1475
-541
-8253
1705
-1161
6005
-9492
-4882
8144
2021
-4847
8247
-7213
-8377
9587
-5370
8377
8361
-8693
7551
6207
-4307
-1250
5380
-8778
7969
-7629
-305
4940
4425
-1113
-76
6977
7671
4110
5655
-5143
8676
344
9572
7738
8953
5027
7114
-5034
2964
5167
-1744
4134
4466
5254
6463
-3283
-5489
-7972
986
1016
4296
5385
7614
8627
1873
-3368
-6235
2113
-7832
6563
6454
-6600
579
-5593
9400
-4936
6492
-1505
-2472
-811
-3216
-6556
-81
4854
-3397
1810
9710
554
-4589
-8990
9039
-8378
-9173
589
4287
-1666
107
2669
6949
-2083
4931
-2030
7740
-1313
1087
2026
-3129
2021
-1740
1271
251
-8077
-3330
7904
1232
813
-9368
7754
-4872
-8390
2237
-7311
733
-6420
7754
-2439
9123
-8576
2383
8017
2001
-5175
-3206
-3437
-6049
-8100
5087
-5544
-2822
3597
-5620
-8449
3108
-4628
-396
-533
5329
-7090
9479
4381
1607
7315
-4609
-5718
-3187
-9750
-8436
83
-4444
323
-8327
5668
-6958
-9757
-6437
-1851
-6290
2042
3589
-9399
2080
-5505
7991
2797
8645
-5135
-1643
2007
8987
2264
-5444
9058
-1989
-639
-5908
-3372
3092
7901
9203
2588
765
-5401
8996
5949
1882
-9630
483
-8926
4417
-2333
7560
-787
5148
-6732
4389
-8457
-3116
-8496
9662
-6436
774
-6917
-6353
-2529
1906
-4295
-8879
-7597
-1525
-8963
-9645
-5933
-3035
-8331
7674
1492
8105
3106
-8974
-7309
3720
-9300
-7506
9489
-9003
6230
-6823
-9818
8069
-1309
-7947
8032
-5645
-9364
1734
-1091
-122
6964
-4154
-7315
-9860
9252
1620
-5541
-1303
-5269
7441
4005
2319
-6651
-7716
6622
6337
-3541
5461
7570
2359
5295
-1246
-7380
3271
-4491
9831
-2174
-283
-8701
-4654
6405
7414
2659
-3012
3995
-3503
-8917
7782
27
-5433
-735
9328
3020
-7536
-6520
-413
-9194
-797
2593
7700
427
-9823
-5946
410
-964
-3254
377
6568
-4042
-8944
5617
-9990
-9440
1565
7686
-2434
-2169
2076
1896
2658
4664
920
1921
2650
-5724
5702
-5222
-9381
-9105
6087
7967
1429
-4706
1605
-3552
-7884
-3300
-3074
-2498
-6952
-2762
2056
-3135
9314
-4389
5321
-9572
-4103
9473
3775
6628
-5602
-5577
-9203
-111
-2776
-2950
-4487
-418
4547
-5147
6823
4611
-2732
2799
7601
-955
4276
-6502
1898
547
-9365
-9065
-6831
-7449
8490
200
234
-2413
7091
4245
8178
-4156
-6150
3051
4395
8775
-5611
-6311
-607
-6358
8700
-624
-9484
7000
6781
3149
-8732
5821
7166
-502
9649
7788
6318
-3499
-9045
-9903
6698
-1538
8735
2205
3794
-2123
1228
6472
2337
-4573
-105
3876
-2125
9731
-7813
1436
8688
2927
-4420
1272
-1720
-6433
2900
3526
9696
1415
-4584
9624
3295
6225
3779
-6916
6916
5399
169
-9126
4832
-6150
-3864
-6198
8395
-1298
-4238
3957
5968
-788
-1247
-4821
-5282
-3546
7315
-5984
-5786
1678
-9702
3290
4655
-8558
2042
-6976
3596
477
-8113
4832
3565
8399
4019
-759
-1876
-5444
-1941
-2116
2079
-2534
-1658
-4427
2357
9475
4727
4181
-3813
714
4051
6979
4279
7935
-3868
6148
7578
-1907
-6191
-6436
-8898
-2681
5218
6353
3342
-1646
-5984
3834
-4685
6379
8990
2127
-3325
-8003
-1668
7993
7638
7367
-9583
-7726
6315
-8665
9864
60
1259
-3971
-6402
7013
453
9902
-707
8519
-5358
790
-7853
9442
5080
-550
5010
8063
-1756
-8305
2474
7590
-7143
-7935
6936
662
-7185
-341
5589
-6132
5227
3624
-496
-4674
9843
-4321
-4475
4366
-4072
-3348
-8653
-6114
-5153
-6935
3810
-2717
9929
-845
7357
5883
2045
-6749
-1504
8837
4701
6309
-6489
2960
3741
-4192
2247
9962
-8978
-4188
-7952
-1504
-2646
-1591
2060
9314
-2725
6891
-3402
-3599
3828
117
7410
8724
3712
-1510
4585
7645
-9134
-4320
-9253
3701
7336
5285
-176
3478
-128
272
6530
-5763
-2396
-7231
-1945
3919
-8636
-8529
8587
-4515
-6516
6946
-3788
1840
6219
-9236
-212
4662
6264
825
2421
9128
4600
-6603
4633
2863
8637
5418
-5689
6769
3901
9903
559
-1965
-1953
-5230
5736
6716
6459
-2779
6776
-495
23
5353
-7855
-614
-3835
7350
4548
-1105
-6442
330
-9784
-5787
5057
3687
-1685
7844
-7379
6609
7023
-1634
-7626
8909
-3747
3592
-5791
-5085
-870
2360
6637
360
5635
-8651
-479
-4764
5604
5187
85
-1792
1165
1975
-1435
-847
-2676
-6519
-3405
-7654
4713
1366
7598
-5556
7595
-5366
-7160
-5056
8963
-9573
8191
3856
261
-8278
1779
-1786
6011
5549
3520
9178
-6076
6187
-2462
8872
-8570
-557
5068
-1772
4595
-9556
672
7187
2724
799
-1158
7752
8363
3601
4982
1511
-5355
4677
-5351
3450
-2972
6683
-5858
2008
8245
1631
-6326
-3596
9931
-2597
-6789
1647
-4857
9032
2262
-4211
6345
-3241
-1752
1236
-2976
5612
9861
-1686
2409
1299
-2766
-2277
-9697
-8700
-5163
3480
7333
-2075
-8680
-492
3074
6097
-8146
-973
-6090
-9348
436
1747
9717
-2837
-8840
-5111
-9314
2869
4607
-7078
-2165
641
-7111
-4029
7417
-8012
-2409
-3311
2418
2688
647
-6137
-5551
-4872
6938
-862
7249
9302
8283
-2731
-7826
-7862
2028
-2399
-5957
-1905
-6865
-3023
-1310
-8255
4693
3177
-2729
5139
5025
6815
-9716
2244
9595
-7709
-215
5526
724
-4761
-9781
4017
226
-8937
6290
-6577
-5616
-8127
7128
-3685
-9921
459
647
-8860
2934
-4816
-5682
-3103
-5256
324
9269
1674
-6543
-1878
8858
-1956
-1824
6245
6860
6711
-4025
4139
1445
1590
3042
6610
-5708
-937
-3801
-7504
-2387
9800
5112
-8682
-9191
9869
5174
5468
2468
8857
5997
5563
-1582
331
8183
7715
-4092
-3960
7018
9299
8533
-226
-6485
6353
-2770
9849
1272
4474
8474
-5466
1808
-718
9213
8732
-5697
-4587
2137
-8025
7231
4706
-3765
2796
5432
-7147
-4628
-5750
937
6671
3061
3880
5923
8769
8108
-8351
-3512
3543
-185
2092
5876
3510
914
4332
1583
-6049
-8325
-4997
608
-3751
-3258
-1926
7191
307
1801
-1772
6059
-6397
5702
-6256
-8974
-325
9779
5377
971
3534
-874
9212
9497
7044
5894
1398
-9655
-3541
-9812
6362
9192
-7090
-3866
-5773
9076
9179
1350
6271
1851
-713
-6748
6622
-1457
-3331
8296
2469
1558
-9183
9234
4401
8032
5450
-8519
-5275
-4601
-8191
-7648
-4986
8155
7499
-5893
-3328
3822
8789
-2319
-1614
-62
3586
-4955
-8810
-5533
-968
-5527
-5800
9867
-5065
9109
-3678
4902
5185
-5753
-3179
691
71
2317
8281
-3030
4230
-9625
6327
-9174
2335
-9436
-2599
5900
-2426
6521
3755
-7448
7174
147
-3328
-745
-1092
5431
4857
-1983
-8152
313
3300
7553
8879
-2255
-6901
6076
-1459
2892
5081
-4771
7375
8516
6375
-5427
-6863
-9051
6405
4443
-6490
-5369
-7982
7031
7066
-7757
-8980
-5817
-7154
4474
1401
-5326
-9626
-2207
5262
-5164
2723
210
-2048
9572
2706
3803
-6238
-9109
5139
3499
-7073
-2239
5980
-5972
-8388
-9383
1385
8150
-2522
5016
-2979
2909
813
-6560
9181
6095
4539
8976
8961
-7176
-7516
-6956
-3558
-5456
5291
5438
-9062
-1576
9103
-9395
-6692
4559
536
-6635
9510
-4390
-7693
-2298
-7588
-6059
-8288
6025
-8859
9656
-7651
-853
2611
-3302
9347
-632
926
-5221
-9496
7377
569
-3461
3020
-7170
-6242
-3386
1575
-9382
3787
-6008
-9753
2504
4850
-4395
2364
9427
-865
-889
8316
-8214
-8743
-374
3009
5143
-3709
5606
-5203
-7761
3671
7944
-1186
2325
3566
2201
-8640
-8850
1127
1374
-1553
2842
5642
1558
-9679
7851
451
-1461
2681
3900
1552
9109
-9292
-4479
6037
-8029
-3513
-9668
-1073
2657
-4054
7151
6365
9936
-1118
1812
3206
-8196
-4870
-1182
1394
8375
-3501
339
6357
4811
-8338
9155
5930
819
9524
1126
-9352
9780
6885
-2575
4610
3419
-5476
-4068
6865
291
5400
4584
6608
8608
-9865
-5643
-1320
6619
-5316
4085
3550
7427
3249
627
9434
4750
3911
7394
-1607
-1075
-8048
6060
-3106
-8576
3726
9063
-5688
-9967
5625
-5524
9068
8745
-8880
-8443
8333
-2174
-9346
-7469
6684
-857
8463
-3200
-4265
5753
-4878
2832
9394
3501
-9097
240
2992
-4898
7920
9381
3301
5995
-6057
-3318
3253
-7982
-9114
-5611
6644
547
-1670
-3860
8097
9071
5534
9157
-6284
4768
605
-7349
3473
4346
-7973
-4454
-5351
-2528
-1349
3229
8936
2489
-69
-6492
8306
-8070
6338
9797
4951
8874
-1286
-2490
-1550
-8341
-4681
9872
-265
-9434
-8746
1059
9149
-1643
-2909
6588
-4725
-7702
-5894
-9363
6669
-7831
-5695
-8953
2224
7522
-2652
8292
-828
2961
-4082
7898
-5666
-5783
6614
-127
-5940
-5040
5991
-6997
5445
-2649
-1106
3193
1208
-3924
5007
5244
763
3943
543
-746
1132
-5071
4488
6960
-3068
-2091
8047
5827
4497
-1709
2226
-2858
-1674
-2318
-5747
-9122
3873
3802
8144
422
-6227
-345
-6815
2172
-8089
2275
2433
2533
-1513
1739
-4269
8570
7565
2085
9049
-8783
-4803
5263
5011
4367
6234
-6874
2558
6370
-8383
-9944
2707
-4047
-2922
-5982
-9710
6400
-3828
-9087
-2566
-6360
-1026
-6976
7278
6326
7358
9908
1838
2925
4447
5788
2341
-8390
-5371
-9384
8425
-1755
9390
-7464
2462
9190
-1715
-7648
-2802
-4463
767
6430
-9096
-7852
3553
-5912
-1896
1428
-7219
-4294
-824
-7921
-463
8908
2152
7213
-9118
-4304
-1833
2725
1466
1224
7865
-9772
-2039
5918
650
-2392
-4022
6642
-5973
-2607
-9661
899
6747
5843
-2515
9402
-8645
3213
-6259
-9118
3345
6737
-6956
-9218
-3790
-2963
-7014
5750
493
-2020
908
1037
2761
6544
-550
9327
3823
-240
-407
2245
-1288
2229
1935
9074
8798
1139
5787
-5228
7138
916
2860
4336
4504
360
-3820
-5640
-3126
4671
721
-2387
5065
-3948
-7509
-8629
186
-2761
-8187
2470
-1028
-5999
5288
8719
5739
-1685
-1800
-3130
-5345
-6992
6096
-2207
-8891
-4958
1902
8037
7786
-529
-4895
-6153
9087
-882
2800
9330
8035
-6403
1565
5205
-5688
-1975
2351
5485
6850
-7778
-4827
-4945
-8889
6613
730
4900
7242
4733
1881
5880
-670
7335
-7268
7989
-5178
5088
-2914
-6799
5382
2912
-9138
-6976
8009
479
2426
-6654
8282
-3746
-6792
8496
1144
-5779
3006
6508
2601
-1796
4933
-3151
2962
1186
-3372
1364
9803
-4040
-5944
-9020
-5856
2302
145
5934
6057
7706
6491
-6446
3670
8129
907
-570
5608
3079
9749
3739
1905
-2113
-5617
-7232
-806
7726
1563
-2186
2120
6734
5359
-2594
-9675
162
-9780
4365
4774
4380
-9274
-5999
-4031
5616
-4006
-4205
8741
5545
-9032
6455
-8498
9981
-1071
5775
-6639
2100
5113
-2793
4724
6928
-6219
2415
7939
6354
-2826
4788
-8669
4790
-4069
-1090
-2759
-1554
-3800
-9915
-254
-4016
611
-4970
-9903
-5904
-3758
4476
2821
5500
9104
-7326
2054
-8526
-2368
-4771
6835
-3691
-151
2786
9805
-423
876
-7171
5778
4165
5194
-8692
9357
2701
-9783
5199
-4403
7905
2788
-9962
-7247
1122
-3985
-4090
8649
2223
7041
-6847
6678
-3079
-2698
6555
-5530
3687
4606
-4008
4148
-6064
8114
1081
-1671
-6799
578
-1724
-3971
-870
8259
3507
-1523
-2395
8924
-8246
6884
4493
6533
8047
-669
-6932
6863
-6079
-51
503
1570
-4581
-5725
1669
4882
-2065
2522
5260
-1977
7996
1783
-8666
-8649
-2967
2730
-872
2816
3940
-3406
2873
7708
4177
8044
-7470
4215
-2108
811
-2465
9373
7583
5803
7502
4445
-5565
5568
-9109
4651
407
-8239
-9100
-7116
-7193
3456
-7647
-1672
726
-5439
-9011
9505
5457
1832
9329
-5146
-2703
3216
-4621
-8430
-5522
383
8142
-223
5711
-3026
-1218
-8740
7752
-5817
7150
2783
8923
3589
6852
-5385
8828
675
4054
9350
-8886
-9696
-8111
7594
-2975
6157
7086
3412
4581
-1902
-4662
9199
1915
-3894
8119
-6820
-2388
-1492
-6758
-6485
2653
-4341
8308
-1395
-7450
-3409
-7827
205
881
5306
2298
2661
7229
-7523
-3882
-9373
8012
7058
8996
-6654
6203
-9031
3455
-6004
3688
-750
-3060
-3596
-6109
53
-5515
-4211
5298
-6383
-189
-2673
2032
9049
8384
3278
925
-3412
-258
-3142
-798
6131
-8500
-9407
1209
3005
4683
-7503
-5394
-385
5696
3228
-8390
-5891
-2399
2234
-7501
2939
455
-7185
-2284
-5134
8096
-6411
1070
-2301
-7124
-8668
7365
398
1169
6386
-85
-5807
2530
7098
-997
7460
8776
-7373
-8199
-4633
2494
-5173
-849
2320
-5099
6945
-1522
6309
-9103
2771
3071
-2119
-4658
3380
-8138
-5338
-8053
-6578
4147
6635
2292
5358
-6451
8071
5951
-9535
9759
8115
1381
-9647
-567
8539
6643
2999
7506
4154
1183
-345
5667
-6493
6622
-9996
-9933
1914
147
-2319
-9036
4538
-6059
6551
-1279
8979
-5624
-5705
5706
6263
-4029
5106
1872
-2806
1276
9087
9623
-9368
390
-8069
-354
-6766
-9839
-766
-2505
7587
6590
5316
-551
2229
-9166
6374
-1539
3468
-7750
158
-9280
-6371
-6360
6772
-9621
-8826
-4262
5244
-7348
6086
9721
1422
3547
-8749
2807
-6153
1039
-6523
687
-3149
-6282
1192
-3362
7374
-8453
-3889
8692
-179
6551
-4709
4992
2711
3910
8111
-2031
2513
-8074
-1176
-8455
729
-8139
5005
1891
-5330
936
-5786
8118
7674
-6473
3686
4907
6556
-3035
1987
-4917
-8921
-2196
6003
4562
-8156
-1810
3078
6049
9699
6345
-4415
-8878
-6306
-8995
6149
8808
1977
-1122
1397
-9591
-1635
-6235
-8987
5928
-9781
5650
-7161
-369
5004
-4203
-9082
6657
-171
8105
8344
-1082
-2007
2073
7193
6756
-7039
-9336
1286
6448
7258
1987
-1688
8056
6342
-517
-2368
-9598
-8119
-8372
-1401
8529
-4093
5963
7447
930
221
9475
-8799
-1207
7415
3001
-1823
8680
-6013
7664
-4505
1109
8341
8097
-852
-5068
6949
3179
9473
-7294
4791
308
758
6117
7879
7373
-2771
-2899
-5709
8164
-6845
2720
1353
9080
6722
-8283
6351
-3810
9226
6495
7513
-9012
-3516
-9210
-5403
-8862
1993
7338
8755
-6105
9294
-407
8407
-1636
-6574
-4667
8545
-9082
8465
3420
-751
3368
-3134
-2748
9441
-9928
-2976
9212
6708
4236
4008
1792
-2819
1995
2353
-3630
-3605
5472
-1339
-8543
1263
-5617
8597
-1762
-2036
6482
7633
-956
8798
1927
-5748
9334
-1903
4897
-8581
-4242
6572
3293
2910
1276
-4119
-3902
747
-1165
-6133
733
8631
8312
-4
-6249
-3697
5330
7154
-8532
-2628
8370
8982
-6580
101
-198
-3669
-8437
2001
9395
2430
-6354
2697
-4766
9663
-7766
-430
-3382
7469
5522
-6454
-2893
8736
4885
5015
-362
5993
8418
-5955
-2877
-9308
-4994
-5090
428
2886
-3621
-5267
7008
-5505
-4569
-179
4122
7347
8797
-3282
5615
9611
20
4147
-5516
3504
-7634
-460
1550
904
-4253
-3639
-6585
8194
8139
7924
-5582
7236
3263
-2886
-6793
-2502
-7148
9316
-85
-9134
8338
6881
-3809
-8087
-4913
1745
5716
2173
8391
4670
5534
-4197
-2457
-3583
-4619
6981
8042
-6731
9843
-7809
5390
1130
-6309
2616
4080
1270
-7157
-4983
3314
6465
-1876
-680
3512
5429
-923
-9799
-6790
3716
9934
4547
-5093
9934
7129
-9600
-7924
-5134
-6635
9660
-2340
-6164
8897
4649
6983
-3937
