5000
6900 8683
515 4470
5000 7469
3038 2414
5406 7423
2067 4371
8778 5800
8431 7774
9231 2123
411 6707
2296 9423
1576 4591
2794 9358
8762 2050
4536 4562
3074 3032
2616 1923
4212 4333
7200 8597
7504 4464
2500 9977
4739 4966
7596 2877
2636 1474
3861 3940
7527 2396
4847 8222
122 8208
1652 6848
8886 3404
8798 3895
823 8934
5849 1234
4096 297
4655 6813
2051 6086
2073 5654
5463 2552
2139 8628
4496 572
9246 8084
6229 1493
5131 1858
7777 9893
9867 6128
4539 3151
9781 4850
2392 2778
9214 7596
4115 7812
9165 2206
7757 8396
8186 7107
2490 6367
3763 7830
1424 1859
7016 2733
4854 2644
1555 1423
9807 1608
1232 8779
2124 5675
5583 5989
9994 3921
2721 1807
7853 8033
3816 9816
8013 8968
6212 7100
8895 5987
7036 3639
1025 7885
2416 1530
6181 6753
4945 6555
6008 820
7372 8705
8494 3712
9946 9753
6162 370
6666 2228
8666 4479
9041 9191
4673 6393
7296 8795
7530 7982
566 91
7092 1010
7116 3040
2125 2535
4734 9401
9873 2102
9049 6012
7968 4887
4231 9659
3929 2307
1199 6486
7221 1056
2610 5591
8617 3251
1610 3161
3113 9590
3804 6444
6627 8870
4135 49
2110 5048
323 9174
948 455
6722 1627
6543 4789
7555 4555
9461 8470
6775 3283
4644 2231
6663 2264
1459 2738
3866 124
296 2986
6644 1614
7973 5389
8819 1293
412 7323
5762 2118
8663 2586
2424 6794
8955 7777
2116 7637
9078 2723
3471 5143
1457 7292
6932 2228
6471 6117
3218 3853
8224 6284
1689 238
5626 9792
5889 1365
7158 9985
9346 4987
9718 2461
2395 3420
7171 847
4100 1363
5071 4108
3895 2203
6818 5703
2914 1327
7546 3441
9460 6106
8906 8354
900 5648
7113 7472
8018 4932
3067 8512
1977 1177
7242 6291
3653 5641
4543 9581
535 7987
6165 8732
9827 4538
7535 2974
8964 4544
978 1616
3860 2707
7755 9887
4129 1015
1919 4661
908 1909
9556 6451
5408 4593
8504 7383
1829 1250
5002 2144
3990 576
5185 2372
1585 6351
8503 169
9129 95
901 4627
6192 4313
9068 9665
2450 337
5048 3028
2205 3147
1768 8454
2570 7908
6663 2302
1187 4727
519 9572
5086 7600
8099 735
9708 4130
1561 4019
5450 429
6909 202
4788 6904
7443 6144
2542 9497
9725 5571
510 9414
5478 390
3784 1563
8457 6869
7431 4414
6760 9489
697 6291
3569 4700
116 249
8246 5341
6418 5764
8461 8459
5011 9838
772 4725
3129 8754
2984 2849
2222 3086
9210 8475
9134 6279
3281 6554
6096 5629
4816 240
8407 3063
5463 5986
3010 5504
5470 7827
7798 5602
7313 6597
129 7605
9154 2849
1446 5822
9740 8411
6809 8015
9986 7849
9814 7149
8059 2965
5674 1995
1958 248
5645 7153
3689 8994
8005 7697
8878 9010
9947 5504
9547 5752
3028 4306
9070 9421
5728 1195
8273 8060
3653 4507
3692 7033
967 291
2978 6549
8649 6390
2288 825
6822 4859
7532 9351
3136 876
2747 2389
5647 5160
3944 6370
2296 7024
2900 5622
2674 9526
9430 7204
3103 802
8103 3278
5829 1323
2232 7579
8247 6280
7930 1558
2955 1887
2359 9634
6886 573
3149 4578
4036 5053
9705 7726
751 8418
597 7010
39 6829
2115 1097
7253 3651
6445 6753
9849 1166
5746 7896
7566 3303
1819 6980
7151 3024
7159 2323
690 4699
1192 6650
9806 7983
2779 3504
5211 1114
1119 5872
3163 8327
6191 6429
9610 6715
2391 4494
5336 1783
262 752
8402 2962
8344 3776
2687 1740
7750 1814
7309 9151
4578 4211
4159 4530
552 8219
7157 3204
4640 9953
8680 9155
6971 8116
1391 6146
6428 4476
2285 8701
3734 8047
6480 5710
7485 3143
9327 9498
8611 6408
7579 3874
9733 8687
6910 1397
7718 4460
537 5890
3886 338
8140 1342
8863 1037
1345 248
9062 557
1288 4998
7897 468
8567 5375
7556 932
8162 7145
4908 7668
8040 7268
8459 478
4627 4045
9218 6638
6622 1380
9610 5105
1328 669
8739 4832
2724 5595
3948 8360
3643 9165
7189 7998
8347 8197
3215 1862
9808 7281
9562 4471
8210 6338
4701 3968
1225 7346
9335 2816
610 1322
4321 2396
618 5719
6724 9306
9254 3586
364 9364
5005 3828
8548 2746
3016 7347
1138 6419
8475 2699
8908 4552
8285 2271
9084 5914
3449 7371
673 4175
9507 7245
8680 6911
5996 7084
6613 9774
5776 8555
4673 1025
156 6246
8804 3311
5310 2868
862 6768
4244 143
9313 8024
8485 5254
5725 4169
2413 2692
7053 5529
7912 9069
9609 4185
6931 1983
5027 1184
2569 2929
706 5988
4312 4606
1645 6248
768 4759
7039 8570
9316 3721
9930 3384
6289 243
177 1149
3995 3176
1262 577
7302 1933
6254 7252
1885 3909
8262 1381
4047 3433
8108 9550
8592 5577
3730 4174
261 1034
8704 4828
6456 3704
9403 8328
6277 9946
2685 227
3554 8380
130 6597
3329 1637
7775 6447
2971 841
2733 1416
8587 6789
3155 4656
5416 5513
8264 2272
1482 8745
7064 865
5778 8180
9716 9489
9800 7095
5598 2985
2564 831
4757 2087
2577 5524
3708 1093
6415 8674
7195 3285
4010 3267
8461 3001
1649 3852
8109 5187
4963 8601
8329 1967
2605 3847
7863 2457
5512 9855
6421 3734
5409 5957
3905 8946
2072 8230
5448 9680
8370 9250
5480 2
4951 2605
295 7972
4545 4889
6439 3578
6417 6589
2111 2895
9995 8889
7702 2592
6614 9591
42 3324
7924 524
4429 1309
4026 9988
4646 6694
9218 812
2676 757
2584 3621
3444 3990
1029 6755
612 4481
9951 2977
8268 3190
6369 1151
4718 725
8796 2219
4963 4188
8196 1143
2432 4960
7580 9967
6457 7752
3374 8195
6517 4689
2516 4148
9848 7284
9594 3898
2629 4746
6156 5698
5082 2347
4287 8071
1646 9611
435 1069
2772 7569
7693 5737
897 8733
1604 8265
9541 5023
8954 5993
1088 8552
4470 8833
1635 1391
9187 9996
7293 9939
8812 9699
6745 6753
5037 9958
6611 4151
5249 2046
2353 6417
4284 8062
9469 8022
6459 4069
5434 2688
9463 3097
7566 9803
2141 1437
1684 7574
9353 1265
1125 2092
4088 326
2908 9
1051 7283
4790 6399
8084 1487
8218 1574
7911 3373
5464 8211
2455 6799
2661 5949
5350 616
3562 5797
1827 2276
5091 6333
7723 6028
6315 3509
1254 7404
3765 9056
3453 914
3745 5414
2555 3665
3096 9764
8816 6491
804 6879
7942 1544
330 8244
8264 566
7899 9027
2771 7887
5182 3487
4843 6566
6457 2245
4143 7596
8389 6571
7726 4539
7188 8415
3984 5
839 564
4195 8433
7502 6313
7947 755
3258 8441
4293 7669
426 6642
8265 6421
885 2409
6720 9294
3118 4291
5706 7705
2308 9498
2453 306
9812 197
7063 2473
5295 8060
2067 2148
2217 2752
2411 1316
1699 5992
6065 6612
7510 6932
5297 7028
1546 875
9193 3422
5673 8726
4216 7879
1249 657
2539 5156
8877 5533
6062 8981
3779 267
7453 8877
3340 3446
9601 5544
9647 1200
3741 8501
768 8634
4909 5862
8172 8189
8294 7944
482 1021
7267 1324
6005 198
8760 9743
9759 8088
1516 5257
5986 3204
8355 2419
4322 1534
2007 2521
397 7094
3849 8964
1755 6301
8678 7828
6443 3320
4672 9172
9957 7973
7437 5562
9888 3686
4087 1664
1830 9971
7352 7530
6092 2618
5485 6973
6519 8641
7804 1243
2526 1550
2636 4746
9337 62
4306 2323
6620 3257
7323 90
1976 1560
6092 1519
4952 8306
9031 1957
5445 2368
8364 5099
5592 6684
5452 4836
2807 9220
1846 5384
6683 9499
9763 5679
1983 1223
7551 5524
9780 3497
8438 4398
5731 8113
8194 8953
8272 8839
9520 7564
55 5157
5528 8627
2532 9574
7083 3729
174 5323
9721 3492
8960 267
3982 4337
7829 181
1688 5082
7475 2555
4795 3429
8252 2627
4793 3511
1817 5958
7624 9040
4843 13
6054 7938
7068 7025
3797 2407
4244 7683
3410 7391
3814 3238
3065 2855
8880 9609
2157 6108
5303 5427
1463 5490
3942 7703
2162 5346
9851 8540
3313 2161
6924 6776
3560 6733
8445 1617
8296 4088
5878 3272
1605 9502
4130 6335
7061 4086
3215 8844
4300 6641
8475 5349
9893 7210
2191 6632
4328 9118
8233 2417
9500 8980
1115 8743
2043 5494
2029 1513
9710 1437
3712 779
7385 3531
3552 6927
2893 9748
2378 2661
2980 5895
4390 4793
8264 2715
3227 7501
3396 5892
6981 7570
321 908
7776 9191
8335 9239
3252 5592
498 3937
2326 3179
3731 9162
1631 5957
4882 7590
8085 5656
2011 5637
5966 7480
8691 8451
4361 7394
2851 3020
8368 9613
548 2900
1922 8514
4538 827
8738 2506
9871 2005
3367 1590
9923 7466
9011 8602
7537 7820
3978 7200
1873 4282
7135 5654
7461 7320
8359 3600
8346 5575
5726 7255
7467 673
8712 5958
1756 9075
2386 5692
7650 2791
2418 7226
2736 8070
6564 5591
9433 6452
9364 1799
3405 9947
3058 5898
9565 408
9710 4627
619 5178
1592 8902
371 7358
6636 9948
2736 8241
9210 4926
2088 3460
1911 8988
2516 4967
858 1916
6457 1086
2861 1612
6477 7192
2439 8268
6130 5079
7013 8707
4282 5698
300 9847
3073 128
7820 462
468 3645
1177 2556
6332 7028
8141 9166
1567 9406
1025 956
7366 51
6624 9562
1706 3185
8763 2774
630 7352
3186 4553
4558 5703
9726 1578
9215 976
189 2980
8520 2140
5697 6463
9625 7112
8193 8406
8636 2779
1468 940
122 3282
2084 680
3173 9019
861 8122
3155 1647
9317 5735
6024 3357
9189 5603
8623 8081
3610 7802
1241 3683
8339 186
1607 6975
385 8254
6190 437
2439 4011
8660 1622
985 8725
6260 6198
972 8516
4440 6019
8760 9342
8848 7291
9841 4235
7418 3649
9236 4218
6261 8023
1527 9734
5085 5619
4812 931
4545 2965
5212 1053
7810 72
7402 4671
6463 2174
1914 7406
4422 4679
4662 9626
5149 5774
4404 3837
2395 6543
1508 1744
7629 3410
2682 4164
2598 3613
9799 1956
2693 8265
6583 7362
5346 4781
9767 225
2688 62
3139 7092
8525 7489
1792 7646
1905 9596
1893 7243
7244 54
7769 8145
174 1721
7180 9625
1791 5063
6276 2436
808 4514
8328 732
4859 6541
2913 8845
7135 3757
6223 2773
4155 8624
9581 9107
7090 7610
7485 6974
873 5076
385 8721
7908 9799
6704 1469
7787 3164
4094 3700
3609 5935
9849 8779
2350 3931
6547 6301
2584 4420
3765 1197
1780 6167
7637 6524
6012 777
6460 3422
7904 2770
7530 6202
2842 333
2184 8305
2760 6960
8970 2079
652 119
1253 7592
4009 357
1376 544
4528 5602
3601 9164
1269 1992
8467 4755
3670 5907
2936 1865
4238 9099
8758 3492
8845 9290
715 4740
97 4602
8302 8165
7935 7273
8212 2176
1391 9234
5322 360
7873 7003
8464 4691
9859 7861
4578 3361
8023 64
7787 5442
8688 7730
3825 8576
3357 7905
5944 1117
6685 1570
5388 7942
7921 4692
2025 515
1397 8462
8914 2126
9801 2540
6516 8394
6647 2514
5618 3996
4459 3320
6235 8393
1794 8367
7217 8263
1802 3852
7260 3340
6829 1269
8570 1667
9656 7861
2616 1247
7775 6397
2548 6127
3864 6089
9432 2005
6716 3176
3012 5502
5753 8475
4138 1783
6944 1643
9908 9689
7088 9861
475 2941
7192 2735
4727 2218
2404 4342
2117 1363
762 1600
8164 6392
8480 3588
3449 7056
3577 8001
6786 6120
5325 7376
2529 184
5934 1648
5171 5244
1302 6730
6095 3374
9113 1751
8118 1073
8598 9602
1252 8337
9723 3646
3704 7576
9291 8175
5113 3763
9118 3671
368 4306
2778 7733
840 5133
5483 7079
4899 5206
2618 851
1856 2310
5457 2800
8601 7022
6528 610
9712 3557
8680 686
3387 7923
7268 4036
3774 6200
5157 4696
9573 9046
7562 5893
9260 7035
9005 2941
6207 6365
1821 8241
8840 523
8914 9087
8337 1355
9951 5049
2048 6250
7135 9018
4908 2441
8766 8965
406 7809
5410 4931
9057 519
7784 1971
9236 9172
6518 3832
9856 8548
9391 3238
6671 5454
4788 9174
6867 839
9916 154
947 3352
9131 1349
2844 7933
3759 6652
4739 8797
2886 354
4363 3961
8717 2729
7007 1853
594 8761
4575 5889
3736 6640
6367 5562
5736 4098
1569 518
2618 4679
6983 3428
6254 2848
9793 6355
9191 9927
1779 6443
841 7866
6367 3631
3329 1672
6681 6325
1738 6333
1258 6401
87 5208
2454 4296
1552 7766
7906 6284
9947 7519
4924 5515
3202 1876
9578 2558
1746 6200
8899 2809
6951 7765
7780 2326
3217 647
9739 2987
433 7843
4290 8719
170 9475
9668 4284
1845 9249
5207 2490
5727 8989
2939 1852
2915 7184
7321 9594
4991 3987
3582 6139
1938 5834
9072 9637
953 9773
3576 693
6712 3917
2260 3882
2622 2991
8062 2247
31 3504
7280 8196
9149 6665
8157 8792
9648 5862
52 9864
1075 9961
7690 275
7887 7165
7883 8766
2742 5716
7510 6101
7181 169
2660 7338
426 9142
4754 329
6121 1493
9973 4321
8791 4397
21 7909
9607 6232
4984 1547
2603 403
4313 7457
7303 1241
4665 8570
4028 7093
4067 5864
1134 9653
5262 2610
2871 6978
2648 4104
3708 837
7976 5501
7147 3198
9161 8430
5704 1941
4373 6905
4232 1590
686 3747
8026 2567
1597 4069
8158 2841
4223 6364
5063 6568
5747 5386
2190 109
3427 4611
9543 2799
1908 3255
8342 9317
8401 6295
8060 7913
4727 4847
5041 2711
2472 1295
4868 8961
8871 7349
4329 8089
8997 1500
5631 2894
1620 4567
909 6301
8891 8108
3248 5824
3466 8431
4636 6422
5979 8372
8196 6641
4251 2863
4039 9717
4741 4576
7645 2210
1566 6371
150 9493
1787 6997
4660 1914
4902 3611
8971 1453
176 5984
7868 6568
487 1052
9434 6372
4676 6017
1634 692
317 5838
9102 5257
5304 7904
91 466
2700 6621
8067 316
88 2781
8620 1280
8172 3203
773 4993
5686 5877
40 7247
3853 6347
117 5736
3591 5956
3525 331
448 9407
5787 3704
7377 5131
6965 1458
2192 4891
2364 6376
3890 8855
95 7565
8903 2056
1214 2185
2913 9019
4912 5896
8773 9733
9723 9912
6406 4838
5133 1181
8258 4281
5195 7873
8301 6667
9991 1323
9279 8783
9139 1608
3648 9809
7307 9805
7445 3354
3293 1281
9312 9648
7098 6554
535 1303
1950 2980
8841 7509
8228 5965
6559 3253
1087 8912
5481 3434
5897 6001
8800 3413
4533 1339
8560 3981
8900 8873
4734 2273
2314 3772
163 3544
9607 7322
7340 1380
8729 1447
4215 5733
7578 2449
4500 6672
9580 9176
9975 6686
6687 845
563 2679
5124 7918
7269 5999
3223 6771
8284 9235
2708 4095
6033 6352
2985 9678
2769 8782
9280 9765
5467 4143
5057 2039
7724 7294
9330 949
9599 6656
136 1132
8537 3258
1379 8796
6 8848
9237 19
8529 4938
1639 2123
5904 730
6241 2802
5727 9859
6917 8341
9067 592
8330 8633
6793 2142
6783 5478
5527 6218
4739 5595
8292 7496
7000 7020
3529 8777
7569 6845
4947 8799
5760 8421
3264 8083
2074 5972
32 96
3556 8505
9835 6639
5253 2453
6423 7158
8856 7351
150 8025
4043 7277
6396 467
3265 3125
8959 4630
9390 6089
688 7378
5070 1384
8080 553
7299 9038
3039 9670
3206 5628
6752 4315
6805 6832
7780 1027
2516 8328
163 3721
7575 6249
8676 386
1165 3183
3095 8084
5347 9143
3676 5723
4007 6127
7270 228
726 751
4772 225
6602 4806
7698 3238
6423 9064
2749 194
3208 7655
2501 574
3121 4320
8605 3640
8933 948
1723 7178
782 6724
787 1513
4572 403
2994 2344
4856 394
3472 9825
9670 7683
595 2827
3755 449
2760 1395
6058 1275
7524 9071
5256 8633
4019 6740
2440 2154
1755 6931
208 3675
5377 7587
9665 7930
6669 8369
1352 6723
3716 1735
5893 9337
4030 5517
9492 8532
7087 396
8463 8732
3113 2704
6685 5263
818 5112
9399 4085
5562 5858
2669 2239
8121 6295
2332 7732
2499 152
2576 2001
3708 7375
9750 1296
7083 134
4705 4366
5845 7503
6001 18
6819 7927
9077 9564
8874 7088
8450 2474
4856 2379
8383 4841
6304 9232
1030 3902
3054 6469
8279 9629
4747 3908
2575 7128
6063 294
1095 7759
7163 6544
2648 2520
4668 5823
7702 4289
2941 1033
7803 2741
7207 6489
6485 330
4094 4523
5131 7837
7116 5671
2040 2025
2167 606
3383 9913
5951 5402
8559 907
3703 9556
14 1291
2591 1229
3665 4059
6719 1172
7127 9525
5816 1572
4860 5076
3142 4028
5326 342
7937 423
3345 7351
8841 7996
5464 4704
3439 513
2628 546
1822 7398
3928 5855
8770 9739
2098 8905
2867 3633
1186 2925
3525 5201
763 7181
1283 7593
8137 9577
1368 3057
1139 3492
7242 5711
3203 1978
7147 3808
1040 2518
1308 9961
1043 9579
9547 3348
5470 1925
9696 6095
7777 5220
946 6589
2738 2281
2668 1365
2372 5168
6641 5157
7939 1634
9888 3500
9280 6148
7718 4681
9876 5479
750 1008
9175 1052
5086 3014
5574 4666
5419 4454
3088 9204
7848 7087
9213 4217
4681 2400
9757 3375
5270 6938
1056 7867
6965 6660
5061 7704
5789 777
3225 6633
5522 4666
8034 5844
1077 9634
4893 1963
7289 182
8403 965
1168 8258
172 8519
3701 6958
6968 3040
5650 8670
4535 2521
3239 1235
4448 8201
4823 6311
7318 9696
2799 4633
1038 8152
2872 3721
6885 9778
582 3976
8444 5054
6608 4762
7493 5175
3252 1918
6960 4484
2468 8114
3902 5207
6622 9337
4222 6360
9245 3414
1914 7434
9836 4460
6352 8030
6615 1136
1922 720
1592 3484
6138 2099
4802 5631
5069 6094
8054 4796
7275 8623
5124 782
4538 2232
976 3748
7930 247
4639 5739
5852 1299
6095 2358
2126 3913
7845 6733
6960 8178
2838 6164
126 5852
9768 6227
6140 3818
2891 3026
8338 2081
3054 2954
2843 1500
1400 1085
9836 7200
5634 7539
9096 1649
6361 6249
1170 7435
7975 785
9576 6307
7220 8088
2505 8905
8451 8353
4721 1325
3253 2556
7395 8470
3896 1019
4059 9728
3480 4953
769 7569
2465 8477
9593 4921
5879 529
4268 3957
7867 9080
7211 8684
2983 5658
3941 880
4960 2988
3937 8146
2379 9324
4453 6992
9762 1223
9652 2877
2823 5107
7729 8481
7985 1107
1439 4185
1103 5543
5974 2622
4246 6004
3116 4664
6492 4511
1858 7169
2300 1586
1830 1929
4262 40
6946 3845
1010 1221
9918 1759
7670 2905
6263 4449
406 7306
1151 9702
3079 9101
5267 258
785 9877
6737 3268
9313 5043
5267 475
96 915
236 5603
7905 7758
2380 2571
8426 523
6927 7806
6505 5831
1063 3839
4507 8323
8100 9682
6845 9339
8046 6163
8965 3639
1780 7747
9100 5061
108 4440
1400 2457
4966 3916
6520 8190
7336 9596
9569 6820
3465 2395
6830 1142
5212 352
651 9426
7583 7893
627 672
6868 4425
8564 6471
9863 7900
8039 4961
9908 7763
2659 207
9152 7058
6537 6531
4877 429
4509 3236
56 4941
7857 2589
4597 6589
9660 275
8618 1578
7483 2121
9697 2168
4027 6033
8272 5949
8881 2269
3860 7721
451 7590
319 568
5577 1973
3020 4925
4683 5995
800 900
2335 4804
3713 7003
6852 8480
899 3170
3114 3178
8662 9027
3226 945
3527 2921
6514 9256
3439 6187
7426 3974
3802 8777
427 229
235 544
2096 2179
2816 8097
1829 2116
1335 3180
4660 2592
9471 7239
4702 5901
6736 8740
7348 6250
9799 5734
6803 869
9386 7615
3883 7821
5402 9098
6113 6372
8774 8173
5085 6123
7030 3733
7095 6856
2738 3812
1177 3112
9174 9149
8194 4432
7349 4670
1412 3056
7327 7259
6832 2520
2054 2700
3912 1796
2608 6848
148 6405
760 4610
19 7455
87 6824
4102 3664
5834 1710
3199 4062
2515 1065
2258 9668
3325 7667
9355 5719
324 3931
1235 7879
5160 3128
8092 2533
7529 585
1181 2163
7839 3628
8222 2009
1563 4134
6516 1023
5651 4873
1094 8798
9006 7379
4898 6568
373 6316
3032 1514
2990 9121
1266 6776
9744 3724
735 6663
5515 8494
4157 9878
6783 70
50 825
6182 474
936 8894
8461 5933
4295 5941
5562 9221
403 6754
5099 873
636 5183
1112 5691
1215 7958
1402 9181
2118 867
3500 1017
4896 7968
5888 6112
1153 2017
2083 5056
6185 5367
1764 7845
4322 5994
569 8403
929 197
3636 1168
7876 4131
7552 2029
2578 9454
7749 2725
9580 2945
5637 3933
4078 6589
5250 4181
622 1827
6633 5426
6045 1252
9568 9538
1132 5142
9152 4502
317 9696
2240 9312
2486 8821
9449 5213
1699 3074
6286 4424
2345 9466
4578 5346
2647 866
2695 6642
2849 8319
3009 2773
4649 1488
5237 9579
5537 5762
3724 2358
7033 9557
8492 6396
6422 5779
9238 9082
6375 638
7843 6772
5653 59
8325 4205
6156 2698
5314 8043
7254 3880
6694 7343
2388 5581
8327 6507
6768 3560
301 8114
5922 4841
8679 1966
4630 4519
2682 5329
2352 6550
8995 4088
6345 3902
2228 1327
4520 2526
6976 4884
155 3219
9451 2338
988 4888
6572 4081
7833 7612
5964 3875
4728 1441
3180 3799
379 8322
1875 6868
3025 5773
19 6836
262 5353
4771 2470
107 2739
8794 982
4158 8848
5943 6587
7756 2859
6782 5428
3680 8229
2268 4625
8920 6643
2757 1824
1289 34
1888 8606
6317 5926
2522 8131
1824 8610
5707 4975
2650 1941
807 7126
7575 6711
2580 187
6436 3015
6170 2558
496 8019
7819 7031
5823 494
1364 4371
5819 2246
3744 4290
5150 8003
7306 1279
6653 9613
8558 4610
1215 3980
9712 3025
9451 5268
4160 1043
1439 9027
140 2290
9948 1510
4367 5772
7932 1940
5241 9119
5822 5
5502 9468
9721 1401
966 4456
8601 6727
1541 7648
3437 1745
9692 1502
5394 9310
8391 6818
4338 6305
2792 5812
7106 9385
7603 8975
4488 4090
7624 1005
6190 6902
6714 3684
4015 4617
1879 1193
6592 1801
7668 5850
1011 534
6995 3090
1230 4610
7060 6442
5994 9079
5336 2922
8170 5523
8936 10
1366 6321
9263 5347
5863 6335
2133 3730
9903 8636
1264 644
9615 2444
8193 5998
4177 9294
808 2195
6136 3217
6182 755
8670 1434
904 3571
248 2390
4560 301
84 6507
7491 2843
4001 8207
6040 5858
5413 7948
2282 9587
4237 3716
985 9181
9940 1961
5578 7278
8351 5047
420 5741
6003 974
1752 5825
4212 6504
3018 4415
3288 9602
8871 392
7642 8346
4407 5522
4429 4818
1461 6513
9327 9339
3601 1558
6965 642
2499 3386
2827 4567
4513 8631
1006 8616
857 7095
2584 7599
939 4177
4902 6738
369 2499
9070 3655
473 6898
5374 5183
9107 6386
5008 9774
7622 4923
8446 2478
5288 6639
1796 7565
9467 9708
5696 3345
8522 5387
1537 6772
9437 3716
1795 2437
2946 2634
4811 7239
8908 5879
2368 339
3702 431
3050 817
1871 3658
8614 1017
9327 9322
9621 2098
1686 8968
9229 211
4820 8802
279 8584
9551 6509
5825 9331
7229 8481
1394 5887
3141 449
3935 6999
199 4875
4334 5665
7285 5131
1417 8057
668 6589
6782 3930
9381 6642
5902 3793
9164 483
121 2992
7029 6266
8604 7399
5828 4764
7995 3652
8255 4654
2674 4823
8781 1612
9365 9889
179 3154
3603 8114
2030 547
885 2288
6055 6397
9228 8013
6358 8608
9851 9129
1468 9024
2395 3707
6660 5135
1924 4135
486 1774
4437 7837
8814 8383
4522 4633
141 9374
5062 4822
7491 7654
7382 8497
1770 9893
4959 7171
9246 6954
6295 872
9755 4033
8270 2944
9285 7824
3688 2024
7417 370
4756 4459
7520 2300
9839 7297
1272 7839
2433 9335
4399 6431
4952 1886
534 4937
9562 5015
1873 9654
9970 5523
8614 8162
3621 9146
260 1483
8054 159
3692 7557
8687 4606
7272 9394
6261 7628
4628 4445
7215 4752
6158 1764
927 9413
7629 3170
6008 7477
3915 9562
8098 7763
8258 4385
4800 2001
9080 8477
4894 3835
6024 6397
3571 4931
9611 684
6281 9344
83 3964
8997 38
7497 1865
1733 5364
2254 6473
9184 5661
6969 8225
2831 8082
7259 9550
2387 1336
6919 4951
2343 7074
3851 5970
9955 6396
4163 399
6617 1921
3524 5348
4189 4638
5872 6965
4623 9399
5319 8736
9089 6260
1877 9376
1398 1888
3640 3666
778 702
8200 6327
9701 459
6437 915
3333 3706
209 6057
743 5105
4140 6379
6768 8070
5061 5886
8835 2219
3913 7551
9974 5015
9000 426
9492 7286
9030 2075
7063 3772
9329 6839
5970 637
5585 6342
8750 4698
2786 7251
4711 6511
3039 7791
9392 765
9558 6759
8395 9422
278 5129
5384 8382
3759 242
5767 6378
2921 2527
8606 6782
6943 4841
8536 3970
6294 3808
8000 6024
520 3936
5034 6850
2496 2683
3350 2964
8787 8863
7051 6843
270 7300
7553 9943
5182 111
5393 5150
7470 7003
5541 8617
8462 3947
4389 9171
407 2850
3163 368
1916 4681
5357 5111
3402 2445
7513 725
5865 2215
3104 1844
442 7734
7344 8929
4052 4855
3925 3470
3994 4175
7951 190
4556 5664
2967 3946
3253 3243
1119 444
6374 1466
5924 7580
8067 4681
3003 2615
3919 994
2312 6445
840 2298
1318 2804
6680 2329
9420 9064
9559 8572
7176 8414
7877 5678
6690 5193
7832 4534
2607 5864
4384 1250
1097 8566
9188 2412
1563 5668
2294 8628
8764 2155
3281 4042
9694 874
3240 9323
5947 6064
2919 1329
6517 9305
3602 6754
1316 72
7267 8209
6171 1962
2078 5365
7336 970
7863 697
6081 4702
3849 3920
9446 3563
3772 4957
816 3946
4219 5333
5543 8783
7446 8076
3034 7287
7372 9877
8758 1446
1094 4169
5943 2107
871 622
821 5438
5822 8256
3886 9957
3763 6103
8426 6234
3815 7185
2738 1628
1529 291
5849 4964
9089 6632
6062 9650
9502 4002
8896 8733
3028 5492
8366 2452
1312 8691
4858 2904
571 4359
5295 270
7827 4339
4792 7520
7878 3105
6964 4993
1816 9341
9319 6055
35 7225
7600 2492
3364 4709
3844 1125
474 3027
8668 3016
8121 4012
8553 6153
22 1549
4551 7382
8629 5105
1046 662
1639 5397
6302 3812
7516 6918
8518 7994
518 9438
3296 6958
6560 9925
6236 4816
9434 6210
8390 9632
9335 3414
4736 1985
2686 8697
3400 9202
3484 6411
3726 605
3529 6712
7148 1830
4513 3852
3219 7618
3437 3561
6606 4891
4745 1244
7632 3015
7570 4139
5538 69
6150 8863
880 3146
5054 6655
7878 1262
2141 5502
1077 8588
2481 5391
7968 7090
6520 8351
3374 3167
6856 1025
4418 2510
7654 5970
3299 173
6970 9119
4868 7768
4511 8957
480 4319
9281 285
9646 447
5990 2667
2048 7691
6927 2705
6969 1487
4543 3309
9686 6014
9500 9633
8093 9141
5010 8590
6762 4716
1478 5882
3099 3026
6807 2154
6739 462
9259 7858
9666 5895
9326 6096
7277 9321
6158 965
8930 1881
1166 568
2220 139
289 6234
2290 8692
8592 6412
1370 5416
612 5868
3946 2771
2028 2898
1300 9310
6022 1819
3830 5816
6051 7981
4384 9191
8597 5379
4394 4581
356 1272
5788 8192
3561 2156
1885 1065
8238 186
9400 3247
2119 3323
7201 5555
8314 5189
5583 6400
7362 8812
6210 7823
2651 44
5288 3186
4841 3293
3326 6313
6800 1426
26 4636
9827 3919
9258 8077
5776 2718
3877 3895
7563 2923
2424 9739
7320 4697
1324 1232
7644 7635
9112 6015
5448 1403
5158 2045
1477 933
9596 2138
9218 8733
315 7179
957 9921
1426 4878
4967 9050
5167 3155
8255 7498
8790 290
6457 3867
2742 882
3822 780
4385 6336
391 487
9636 582
7032 6206
3967 7288
83 1958
3727 4358
4460 5475
5029 2311
1241 7417
8336 2644
4817 2378
9651 3473
2521 5648
3629 812
4507 7701
375 1579
6844 6854
2335 8749
392 2599
8499 8449
6092 5422
5673 9746
7321 1787
4795 4352
3025 9384
3265 7237
562 9154
3977 8999
1269 76
3899 9769
4534 9790
5101 8176
7174 8044
6278 4079
54 832
7476 3234
8305 5629
6003 470
4258 2117
9440 823
4574 6147
3685 7441
8381 9779
4676 9000
2997 8823
4081 866
1346 2116
4483 7875
5832 9309
5645 5651
674 3613
1445 4632
4515 9051
6446 7995
8157 1564
9535 54
136 945
3623 7850
837 6881
6804 7379
7160 2994
5738 2415
9554 771
2747 1824
1649 5091
2103 8767
8714 233
3215 9523
7362 1885
2674 9916
5174 5173
3346 6783
2984 3912
9668 5830
9130 5462
4042 5937
8859 7844
4812 8687
1153 3724
8924 434
4328 7159
9790 9215
6761 7071
7123 3775
5859 5492
8926 350
4143 2530
6554 1350
2542 6390
2604 5026
1652 4301
5174 6564
7650 542
8533 7309
6807 7468
1386 8903
8194 6286
5537 2365
2105 1840
3773 3549
9824 9694
114 6258
351 6031
1366 2261
2489 876
3586 395
8890 5315
3330 9584
6594 1283
9349 3446
5009 7645
324 5941
3322 7824
5828 9879
656 5683
7051 7019
110 9510
4256 3765
946 9275
3335 3838
7113 2434
1863 939
6388 3915
4434 9282
1381 3133
7810 9552
5716 5435
9394 1338
4708 100
4371 3926
2815 7189
3789 5991
3175 5783
4476 1421
6854 8020
2616 2743
6963 8874
3723 4166
9074 8044
434 2331
2489 4971
9811 9721
4122 3658
3703 2446
9757 3183
6581 1312
5633 7118
5697 5694
1858 7839
9059 2739
7374 715
2155 8152
8943 9200
8538 633
1429 2187
4196 9292
4650 3796
9378 8712
2582 4929
8818 58
2580 1665
8607 2363
6214 3468
432 3656
3046 9683
157 1286
793 2608
7349 3438
4019 9243
5347 9613
827 156
9174 1659
1773 6470
8146 8245
2024 8551
7557 1362
8354 8907
8612 7272
9817 8507
67 9925
7352 8262
857 5415
8712 5475
1449 2783
2749 6828
2838 8911
9247 5374
4764 2479
6802 3718
8706 4872
228 607
9086 4632
2231 8316
3168 2940
8397 2442
2039 1933
9009 300
4219 8821
6363 7882
8282 649
5416 3581
9074 3338
9111 8078
1741 6326
6601 7137
5894 6695
7841 1973
7301 5103
7332 4257
9946 8611
3981 6847
9275 5862
5739 9662
1528 2537
7547 8078
4278 6428
3942 5088
6747 6598
9233 9320
8803 6894
6375 2746
4123 546
5928 1322
3385 8874
5664 2170
5023 9610
5059 8150
1198 3067
6164 8644
3998 1496
9491 7078
7895 225
8570 1762
3411 1383
3814 5950
349 1897
788 366
1157 4575
4731 9514
6508 1097
5741 1205
5451 584
9735 2893
7838 6579
3347 9101
8432 3683
502 5159
9935 5611
5800 9767
9408 1329
6859 9399
1026 7525
4088 6628
283 5906
4767 3732
2230 5196
5632 9682
8873 616
2430 9625
2592 9290
6218 6592
693 2404
1543 6615
9853 6300
9117 7509
6822 5441
1665 8631
7008 6282
420 9769
5686 9371
4184 3947
7613 5204
8092 8556
8884 6451
1605 1579
5374 7550
560 1341
2511 3139
176 9054
5003 2767
3036 8227
7047 5062
2536 7459
2980 8829
942 3382
4373 2781
6039 1300
1986 7056
3881 1071
1849 3276
9715 8634
6840 8067
4833 8562
3810 7110
8964 8606
3190 8048
4160 6024
1190 1071
4133 929
3144 194
967 5296
2804 787
2747 2174
6136 9421
6040 4348
9115 4793
3561 5502
224 5178
89 3017
9730 125
7899 2609
1803 1707
5202 2743
4288 4166
1975 9690
7538 5769
8343 4748
8972 3869
7898 67
9138 1344
5727 2714
2813 9537
2798 2620
3573 1000
3778 8588
4240 6815
1008 200
3802 1348
2775 5867
5751 3745
4963 9822
2806 9183
1403 7744
8859 6578
5288 8164
6528 5517
9369 5514
2034 2865
7471 2817
1844 5731
7293 1391
3961 1016
411 7411
5104 3163
6452 8192
350 3903
416 6443
551 292
4677 8679
7226 718
7688 6176
4832 2212
9532 9523
1133 5008
6006 5192
6807 7464
8511 4644
5028 2190
1601 1033
4499 6768
3385 9758
7048 3596
8479 6527
8148 3620
4383 9324
99 5901
4484 5284
2173 7445
5732 2520
80 8331
7978 9990
7237 9294
5428 8578
8002 8307
5552 2318
3527 8866
5906 1094
6642 4777
7635 6533
5023 3277
2466 5562
8509 4755
5130 2048
7010 5571
2775 5602
1993 9401
7338 2105
5406 1221
2928 2720
6826 2440
8829 2589
3620 8766
9418 1761
1740 979
7970 9226
479 620
2128 7079
6771 1307
8532 6018
7785 8679
2718 9955
6773 3706
2684 7202
4693 4332
4002 4700
3987 6236
2457 8287
1699 3733
6723 9448
4252 2498
9214 4145
7431 2522
8661 7724
4417 1276
6672 3380
1682 4040
2879 7581
7629 212
9358 3118
6308 3973
9475 4229
9462 2516
3840 7037
2920 3985
6426 6088
4222 9332
7159 8242
111 9244
437 6025
3403 3671
1134 3885
9131 4143
54 7231
7540 50
5907 3208
8914 9787
7998 9776
3462 4417
3976 6257
6133 4362
8005 6318
3229 9045
3758 8692
6173 190
1596 4110
2546 2663
6383 5337
1681 1761
9598 9554
4174 3511
2828 4481
4103 7200
7411 1141
1022 6669
3401 1138
330 1023
7212 2245
5468 6528
3801 9681
375 7516
3345 8566
6591 8143
2371 8622
6631 5841
769 7874
6015 2719
376 4748
7327 159
8323 1776
581 9551
2331 9995
6721 8491
1059 7903
9689 2808
2249 3773
1704 753
336 7089
474 6000
2871 271
9376 2416
2537 9289
5603 4529
788 545
4505 6079
5181 1573
6627 8428
2992 3590
4569 3593
5921 6505
1586 9003
3115 430
5630 857
1865 2671
338 2931
4998 6120
2608 29
1970 2538
5120 1903
9986 9754
2399 2353
5950 8325
3938 7315
8747 1231
6228 4774
8194 6273
5229 2089
8096 1228
5888 4007
6526 444
1975 6537
8864 3328
8947 3102
2982 3691
6021 2256
8309 4069
2181 1917
7886 5498
1902 8800
7108 762
327 3321
5815 4982
524 2396
9298 5250
8373 8119
9988 3133
4062 2357
5210 64
1056 156
1959 4216
1042 9107
8438 5713
1808 9324
4575 8511
5212 8782
6494 4450
1084 7728
860 3055
2155 5449
2968 6453
8188 2402
5301 1695
9805 4846
4387 6388
9609 2750
9081 2437
3 953
9352 1196
5760 3526
2963 381
8891 4910
1281 9869
1070 5200
261 3051
3430 5655
3021 648
861 7504
7727 1477
9161 132
8824 5834
1180 3057
6511 7397
2558 3339
3965 973
5449 5788
8359 5755
7820 8557
6641 746
8111 8631
4965 8968
7266 3646
526 1926
6252 8411
2521 645
6911 9153
7748 6429
6949 4446
8747 4869
8437 9529
6904 4660
6020 406
8807 5308
3421 2615
2455 5381
397 5111
2941 3270
5176 5799
5434 5371
9833 3261
8862 9658
9488 609
2181 3031
120 7784
8545 7279
6980 466
9410 9832
8397 9133
7858 3578
6836 9143
3930 8408
818 1560
3221 9571
3895 9147
9048 771
766 5188
3740 1069
2968 3903
3630 2907
302 7312
869 4931
4757 8205
3274 3386
2172 1973
5246 7043
3639 2296
8569 6946
616 8775
7023 357
9871 2563
1122 740
9544 4909
3029 996
2540 1439
5406 1678
1750 5757
663 5606
2389 8528
8466 6651
4150 6303
7372 5798
9487 5100
9399 4398
1419 5924
6755 3094
6338 7860
1694 7129
9478 2860
156 971
1591 6012
6209 7365
5251 6772
6863 1501
2378 5303
2053 3229
3118 7506
6388 2743
8025 8524
7039 8511
5457 9490
4366 8656
308 2435
114 5552
6959 6719
2391 1291
7464 4482
4982 839
5064 3416
2504 4527
1426 8886
903 4310
3753 228
1938 6056
5043 2484
838 1148
3619 2509
5173 4108
8075 9825
5839 6789
6803 6857
7980 9252
9462 5213
1243 8453
4743 3744
2023 6146
8023 204
3599 9689
3991 8929
6475 5976
2377 4080
6555 4383
633 2554
4060 8952
7831 651
9686 3550
2247 196
4320 2440
8088 2727
4911 2236
225 7879
4882 1394
3819 7318
8005 3323
9052 3532
9666 8568
7543 9930
7002 4402
2841 9845
9077 2471
5887 4013
5508 6255
3014 1012
5903 9660
397 2724
2084 7059
199 5024
7717 3418
9673 5241
328 4220
1763 6185
4933 812
257 7702
7021 1587
5945 1274
3204 4549
6672 5783
1121 2523
5451 707
2438 3268
4669 4355
4322 4122
7334 3993
8159 6183
5604 7377
3974 8965
2760 3811
2038 4711
9781 4373
7987 9575
4081 2366
7017 4822
9921 9902
9342 6914
5685 7998
4201 4415
4762 9826
7068 6926
1999 1923
7863 4535
3790 8969
7393 5629
8508 3529
1191 9761
2947 4809
5039 1785
7853 6298
2842 7707
2491 894
2803 4
6441 9287
3088 9362
8886 1330
3288 7221
5040 1960
1150 485
2520 1100
2292 119
1859 6225
1864 8236
4684 3497
9115 9386
5834 4966
9847 1634
5505 9952
9365 194
7808 5118
7167 2190
5203 7256
3741 4451
3365 3653
8834 7238
4668 9446
2869 2671
3483 9282
55 7446
1398 3593
1997 812
3889 7520
4898 6725
1769 1143
7561 6864
2243 2482
3795 9892
8806 5541
2274 6911
6315 3956
5315 774
5096 5490
7327 5899
701 214
2612 162
3052 7262
1247 1639
9824 1603
63 6313
8894 2720
3251 6302
9154 7305
9318 9479
5469 771
4727 6204
9150 2444
4232 4912
5211 1828
1749 9508
4235 9835
3269 9352
78 7570
4233 4136
4011 554
6922 1685
7067 5395
8903 254
8342 853
85 7996
5216 7820
3933 6672
2664 1095
5691 5660
1636 7495
9670 289
4162 6274
2175 1930
5432 7450
8218 4358
5174 2350
6200 5683
4499 6082
1929 3223
1847 2580
5621 2372
5984 3823
6188 2833
6586 2879
1518 9671
4779 9741
2352 1942
4771 4263
915 9401
7481 9248
642 3872
5632 4023
2198 8609
3189 3043
1370 2493
4324 2508
1413 6290
8849 4521
6417 4472
1990 1717
4335 2858
7268 8613
7412 3975
5454 8611
7066 8403
9617 9737
6974 7482
9291 3132
5554 8936
7277 3517
8395 387
202 2831
6720 7010
1039 2315
6209 6572
1554 9744
4239 4313
214 2975
5849 7692
4421 8757
2817 8305
454 5424
57 5535
8031 1158
9562 9882
3425 3369
2993 662
4888 2498
8415 6485
3585 8943
5425 329
2807 8504
449 368
3049 3910
8903 4257
6220 6320
4652 6133
2122 631
3088 1116
4984 5163
5085 9435
7623 1445
566 8203
1162 4952
9528 5489
8938 8189
783 4249
7612 2378
5558 5508
1424 6439
4558 9557
3466 1654
1220 3255
6043 2889
5123 6533
305 5641
8767 1107
968 1943
2252 1494
8369 5235
7059 1664
5298 6260
5546 4051
5925 1325
4283 8306
3526 1039
8630 2999
5411 6895
2993 5045
4996 6918
7882 5398
3642 1969
3790 3958
3001 7279
2977 677
1562 7886
3929 4959
7296 3727
2461 2457
2094 7018
3584 9867
691 4670
9786 2312
4582 283
482 8315
6735 5877
3929 1551
6958 5015
5954 8169
7627 8973
3042 2969
6952 8690
2381 106
5504 3585
3280 1208
1350 999
1668 9011
6194 451
1630 6542
8611 1952
6248 5374
7425 1773
8381 9935
7374 4811
1358 6298
651 5323
8890 9969
5311 5018
4332 5846
4417 7586
3835 8678
9591 7255
1073 1786
1225 1747
5164 967
5885 5487
552 6499
5765 4094
3673 7731
5046 127
7943 849
3776 7833
1183 1937
3105 2761
271 9877
5554 4319
5107 9640
2058 6904
152 47
7688 7560
6825 6944
9443 3175
1923 2030
6800 190
6094 6021
1041 5919
3789 8173
4709 365
2916 7424
9004 1971
2742 8636
5083 606
9886 1789
4893 3406
3666 4889
4193 3092
2915 4306
239 4317
7852 2206
3774 163
3790 8351
699 6921
6962 7909
4889 5107
4403 5348
4169 3846
2122 3572
4819 5217
7140 6206
3253 2747
8600 8128
7883 3052
9913 707
7162 2703
4981 4571
5413 717
558 1542
9154 9555
2353 9195
6307 5950
9035 1391
5570 4764
6094 3754
1152 5323
4231 735
7557 1133
6232 5114
8175 6954
4014 2587
8017 1667
7462 3151
8467 5715
6239 3732
2468 3566
2213 2473
3615 6178
7343 3937
8036 192
2744 6758
9060 7852
8967 2011
52 7620
2646 8320
9870 6561
8868 6247
2197 4746
1259 4309
3710 5620
6908 7220
262 1784
9807 7159
5784 8186
6070 878
5885 1725
6482 5514
7209 8992
6856 747
5705 6456
9212 7961
6751 2165
532 4114
8336 7774
7730 6726
787 7581
4255 9097
1322 9943
5002 890
2888 3361
7272 3567
5939 546
6502 8201
8183 7463
2000 8936
8599 3060
776 5764
4083 663
4035 3016
3382 7302
5233 494
5176 1369
5990 625
9188 2786
2535 5417
8409 9279
7100 6245
8485 4876
3819 7515
280 9362
969 2639
3933 5391
3195 8767
8693 3373
8394 6233
1479 8419
1614 269
2898 2243
4191 7855
9637 6435
3571 1282
9226 1645
4384 2189
1811 5416
9910 1952
3124 2315
9240 1967
2026 3889
181 3215
3177 179
7137 2253
6205 8167
7657 3451
2665 2073
5044 5514
7225 7431
5247 147
5236 5732
7443 2218
2449 8350
7832 9570
4428 2163
1424 3040
9982 5227
3586 7867
1574 7224
6274 673
7999 4226
543 3297
2812 1102
3494 9540
2662 5892
5813 8942
8294 5721
553 4611
6199 9956
450 8568
8417 4675
8311 610
8946 185
6305 2944
3929 8057
5666 3788
3862 7950
491 8497
2527 2461
88 7820
4518 9597
7233 4588
6476 4082
8520 6896
3159 5523
2637 9980
2287 905
5223 2344
7380 8194
4691 206
7253 4877
8559 3479
6220 2967
4727 9335
7838 8418
9241 9876
9535 8613
2917 1911
9631 4692
6826 7199
9368 3343
1188 754
2431 6241
9338 9847
9905 7341
2398 8159
9057 2775
2132 1797
246 1729
3417 6763
2743 6394
2496 5403
6532 3618
7581 847
1508 5601
8551 8076
1388 1780
376 6340
2711 2936
5428 26
3875 2559
5744 1572
6248 4996
6311 3459
3644 9490
7694 8747
5671 6384
1902 6286
1900 2996
9904 1121
9538 1341
5879 1064
5138 8281
3122 9472
3268 4481
5767 8389
3918 7055
2598 6783
896 3765
2312 4555
6896 2237
7521 3332
5449 5129
5150 2993
6421 899
9355 3355
9191 5086
3045 2607
421 3636
5561 5441
1083 7592
9601 444
9173 9223
9889 2700
3359 538
5578 1971
5553 9027
5705 1527
6287 3042
2780 3684
8284 9559
7711 4581
2414 3455
7689 297
2476 4664
569 6081
2507 5632
4878 6063
3791 366
4721 2337
6749 7878
6905 8477
9454 8851
170 2534
865 2911
1831 3916
8054 3516
9079 7480
6320 9566
9618 2957
707 2010
3043 6971
7877 8277
1282 6156
4021 4038
173 9261
874 343
1798 4209
6417 2327
8128 7100
1779 6498
9261 3782
3188 771
964 1695
5136 5042
353 6851
1243 5796
2559 7031
9449 1070
1004 65
681 3115
5852 1651
7822 9609
5191 8104
4500 7280
3806 8361
7727 8572
4550 6502
5413 4983
612 9650
9630 6103
8 9255
1834 5948
2620 6588
4513 8527
2209 7518
5486 1199
4712 620
1963 1238
4014 1735
9330 9141
5631 8032
4745 150
1867 4580
1721 5281
6793 5121
1615 7102
2242 665
4654 8593
17 8260
8927 3182
5473 239
3278 6419
348 3379
8603 5002
4150 9267
4208 9868
5021 9761
8379 995
6938 751
7822 3838
5361 5291
9411 2734
1160 2229
4070 9256
1408 875
1838 545
5866 3330
7681 3783
2499 7630
9862 6767
7811 4275
6567 5060
1195 2074
4394 7961
8159 8541
3445 6884
6330 9656
8404 5818
3424 9483
9766 9504
9562 2578
8566 6008
4814 5328
961 405
6915 1865
4915 9917
1516 3692
6954 6289
967 5005
1909 7766
6453 1022
618 8632
8711 856
979 5242
2752 3392
2450 2404
5981 6295
1178 4436
5262 8155
1605 9958
9684 3525
2929 4598
1582 7962
8734 5395
7714 6947
1376 6258
6157 6806
7861 4215
8609 9711
5410 7119
3816 6095
8404 377
5775 1630
5862 1290
5675 7656
1704 4820
4745 3643
8727 4838
7088 7424
5063 5595
3513 4958
8215 6350
9345 2406
142 4182
3004 1943
8129 5461
5771 5629
6283 5782
2555 5109
9767 4223
8195 4414
2205 868
8115 2004
8776 4625
1231 5017
457 5616
8185 2645
4215 6631
9559 8734
7948 1840
8337 85
8730 8170
7024 359
6786 1671
6874 1530
7366 1830
1301 6991
3799 5870
7008 5902
3959 8198
3266 8436
1456 8080
2732 5362
3641 6996
9676 2356
6920 2592
4831 5724
5537 9628
5849 4768
9274 9571
7053 6899
4694 7714
8495 3544
7062 1970
5907 9348
9055 4746
1403 7898
6644 2083
4138 3309
4899 4341
6325 143
2996 9391
9822 3717
6949 4634
8005 8383
9259 981
9861 9281
2132 8913
9342 585
6358 4886
2169 4749
8173 1101
8198 9846
2447 6603
4162 9480
1462 2289
5288 1734
563 1077
8622 3010
4047 8928
3943 5084
4047 8772
1750 6120
505 5294
7184 4741
3684 9514
7666 5879
3264 1090
1456 8051
7619 740
1951 5305
7159 8361
425 1398
6630 3534
3363 8951
5556 3785
1952 2453
1029 8278
8837 4980
4125 648
235 5088
7568 553
2703 621
8114 3715
9048 1071
1222 3267
5451 7282
3937 2775
7479 7029
9804 5585
8394 3985
5519 2172
4840 989
9154 9447
6789 8648
7030 8152
3173 237
979 9755
5488 8892
1990 9116
4056 683
6498 4392
1150 5460
1119 6236
4730 5652
8492 4620
1360 2150
5489 3261
7419 5630
5993 1176
455 752
1878 7051
728 5864
7682 2835
5396 3148
4293 8691
7103 9002
9921 2454
8459 5717
7674 9406
2780 1200
5476 7863
4082 6632
674 1188
8591 1230
5421 1572
8187 8534
3716 3300
174 8890
1246 1307
6039 9769
3786 9905
4937 9237
5195 5125
6896 1945
6250 6787
1345 2880
3024 5198
8284 9673
6356 8863
5786 9610
1826 7115
7248 4619
7899 6705
8000 1985
8210 2295
3148 8198
4792 7776
2202 2749
7339 1899
6880 3616
4781 456
231 8801
3860 1060
5664 2974
4099 1849
8401 6703
8416 8192
9730 7286
2185 1457
4497 6072
4755 6870
7007 6220
1087 1242
4650 1800
3770 3357
4727 9946
3329 3380
4304 3474
5757 367
6264 8638
2711 2336
5266 391
5016 332
5548 6274
8256 9958
429 7803
2791 3899
6578 3389
3210 198
6723 9154
6790 4843
8019 3176
590 1546
7728 7059
8881 3322
8103 8425
23 1108
8601 3707
2693 3951
2845 351
3546 1960
8604 908
5709 1146
2331 4883
4735 3117
7302 4514
1278 4649
7147 430
2552 414
9396 8929
6003 1005
9408 5481
953 3303
556 8434
5801 815
129 5296
4428 9424
9182 6022
3526 3390
1747 6158
4294 3632
493 6500
3913 9555
8272 6182
9400 3177
7805 3463
9425 2311
3827 524
5998 7219
4386 2078
4380 8833
4755 8616
6990 6792
8207 4865
9563 9835
2265 6476
9824 5039
4361 2539
9134 6907
7898 8273
2362 6402
5866 1332
5017 1372
3857 2492
8150 3425
1072 803
4991 993
269 630
6043 9252
5960 8383
9656 4734
7897 4107
1372 9304
4774 4876
757 1166
1390 8783
6762 2949
2411 3067
3795 2570
288 1820
8737 5204
6748 7244
8605 992
7285 968
3278 6364
1566 1863
3938 3696
3173 3300
8809 9133
8068 8553
3009 7316
7885 3316
3222 338
4323 87
9090 2024
988 8492
4386 7391
9897 6805
3336 786
8381 1834
3921 6711
8078 1551
3709 3503
3506 2094
357 3717
9902 1617
7243 2670
2247 1657
1925 4572
3248 9268
2029 1723
4744 7757
3530 8439
4616 4653
1452 1017
75 2765
8175 1858
8177 2123
7231 7626
8969 3152
990 8153
6386 4139
3645 2142
2172 4750
665 8323
9917 6056
2546 7078
7152 1070
4356 204
2619 2099
7086 9157
7735 349
7615 3642
3832 584
4686 46
4663 8060
6652 6485
9711 4135
9438 9794
472 2712
4411 9157
4412 4931
1203 6209
3385 8239
9684 6601
629 8621
917 9576
281 2957
8386 6523
9081 3600
1460 3401
5428 4668
2576 7442
2181 2314
3058 4556
9369 198
3192 6294
7158 4650
4461 3587
8964 7423
984 1627
1910 3095
7474 2598
4828 7827
4779 7808
4095 5682
3250 4426
5000 6870
6001 7767
8485 9246
8393 4965
3276 5948
2491 9872
2512 9008
4643 5555
4922 8381
7193 4746
5045 4258
804 7020
3873 7907
7310 8493
2394 8485
2323 5266
2860 4888
8924 2310
2001 8084
7352 5494
3498 7441
5284 7194
1601 5937
338 9990
839 9451
2679 2796
5527 6843
3680 4701
6554 144
4677 6697
360 5843
8700 4084
9314 9409
3564 6477
133 5066
3629 2219
872 2950
304 1076
5207 929
9035 3848
371 7011
3166 2464
8259 2056
5802 8742
9996 1027
1037 3627
1229 4364
9327 7740
9419 1063
7068 8102
1525 3992
7921 2645
8927 2514
3437 6630
4529 1246
4164 1230
4803 9437
2747 5433
2377 153
9803 4680
2359 3646
4663 6552
5774 5927
4748 2500
9530 9060
470 5621
3895 7721
7182 979
1177 9748
289 6305
7698 9256
8265 5106
4807 8402
7969 5903
2255 6887
8597 4884
3919 1150
5852 304
69 6238
2646 157
939 9697
9316 5192
2587 7528
2984 4790
5011 60
408 6157
4984 6315
4456 5664
3995 6558
4046 5842
8555 4366
8122 218
4734 6831
2282 4005
5309 1188
6411 1889
780 9253
8490 89
1852 6027
6730 7591
2397 3027
3048 9098
7157 2385
4903 8519
6019 3504
392 7623
9249 772
4623 6618
4245 2590
4302 2298
178 5245
6580 9434
4292 4082
8885 2719
6892 2132
1228 3141
4945 1428
2624 8187
8849 3487
4810 3045
6447 5255
4447 1947
7895 4707
1296 9409
9374 8103
4852 7442
6644 9384
3599 9404
608 4966
4275 6312
2216 2594
5500 9162
1452 9795
9678 6548
6991 2935
8720 5300
4579 4984
7471 4848
3964 9452
7376 7244
812 6365
5446 3361
6309 1031
937 7540
7383 624
3636 1193
4540 6477
9232 3094
3439 5777
9202 1876
6568 2125
3118 6055
8042 8064
1581 1362
3407 3786
1776 8743
8356 6065
3774 3343
9518 8477
7420 8291
3030 1356
6882 8480
6697 3903
8016 9734
8034 2630
5524 1839
5294 825
8500 9454
682 7262
3534 9321
3599 5507
7431 595
48 4755
4120 4553
3942 5296
5780 2977
3001 632
8592 8251
9281 2962
1256 3998
8267 1288
3924 1452
9620 4560
3108 109
7175 6235
1768 8912
7632 5458
6394 7095
7493 4395
222 9388
3684 2744
3566 4049
3705 656
1670 7838
8455 2663
6785 1912
1670 8773
5808 5764
6017 7028
2992 7339
2050 4394
7759 1475
1888 9709
2352 9338
1535 699
1452 8807
3540 7624
9313 4413
7894 7231
95 4844
4760 320
1825 1951
6026 693
2141 4536
6726 1281
2681 3149
1313 6996
7624 9480
751 228
3133 822
8563 6382
403 7842
2010 1593
5900 6530
6870 9825
8651 106
6967 3032
3768 7576
8352 9239
3238 2897
1326 2311
5137 2187
4174 7470
9321 7658
5677 4364
8670 7957
8984 7325
341 2787
2681 7897
3920 1888
4311 8103
2082 7535
9017 3846
3714 6100
332 7493
7162 8699
5247 7061
4630 3113
7040 4392
6469 3305
7772 1776
5372 191
8766 6298
9145 7999
6891 9160
9243 3173
7986 9783
7655 8221
7119 5789
6525 7752
6212 6292
6288 2814
1511 4327
9480 1170
1804 2875
4687 3532
6594 5513
6416 1953
2501 2660
7843 8775
26 1759
8113 4
2516 2432
8120 1162
9457 6485
4664 7530
5297 2603
1159 3769
5441 182
5926 212
7125 3966
2766 6284
5754 8854
7098 5896
3982 8394
5936 80
2537 9083
670 5613
5839 6732
4295 5561
3053 4357
5668 5371
7445 3556
7350 8435
9663 248
6091 5629
8721 7212
5417 365
4392 2330
7274 4463
154 4742
7070 1238
3019 7369
1882 2388
9172 9381
1159 3647
8042 8923
9424 9461
5236 4501
8692 940
1844 3606
3148 8004
9034 1507
558 539
2025 7366
1681 8782
6746 3874
7543 9677
800 8070
315 3181
2397 9577
4075 3997
6072 7652
5175 5892
2724 8440
7180 4048
1316 1577
2223 3752
9602 4958
1853 3719
7353 821
2579 3558
1863 8691
639 3734
8186 418
3614 9939
5927 7503
1188 5992
9025 3159
505 4740
5653 6091
6231 5665
7783 2961
9397 2882
59 4944
9998 16
5112 8906
2448 9375
4110 4070
3846 6821
9881 8361
7318 8189
4218 3593
8304 7490
92 6660
430 2612
8890 4515
1194 1999
4674 7432
7546 173
4657 4051
9912 2549
5126 1078
3033 9065
3942 3574
4915 6428
8620 1534
2420 5899
3769 6957
6221 9973
4888 5178
397 5985
8261 3217
6290 3010
4703 4747
5493 7262
9591 6538
4078 4267
2380 2238
7631 3471
6942 2766
1338 4799
3117 9483
9169 3370
7323 905
2040 7903
2202 5726
1990 6225
3693 5713
2626 7957
8624 4479
6303 9780
5450 3995
780 2822
363 3530
5622 5014
7029 5419
8443 9568
1013 8738
1721 1551
5078 4626
6154 5361
638 8550
5302 1633
730 713
881 7931
4437 3531
7229 6676
9 4613
278 4566
1475 4709
6274 5810
5845 2922
6022 4289
9138 5967
1882 6642
117 8389
6631 4390
4868 2876
7247 5215
9895 5283
4613 8377
8733 2777
2324 9724
2133 8744
1090 7518
9794 2082
6362 4380
5556 2815
8585 110
7163 5143
8717 3086
9961 9476
2726 5188
7330 8530
172 2215
3397 9291
5808 2911
7805 2251
5709 9043
9738 8522
1128 7226
5345 2029
5558 326
3291 1141
1278 6931
1341 4100
5142 9615
1950 411
9584 9802
125 7121
6115 6235
625 9348
9722 269
4195 5284
6597 3573
4866 2494
2671 454
8816 2986
6919 9213
878 1484
146 2359
7495 4439
4603 5376
6332 2262
6205 5101
8816 9589
4576 3641
4245 9063
2892 6315
4565 3179
5484 4197
6926 7776
4633 4339
8141 7917
6230 1911
9482 4551
1777 9405
7558 6701
2236 5802
1047 906
5475 7465
4480 3788
310 5129
883 5907
7860 1222
9291 6742
7790 3970
4434 7081
6005 7171
9817 9892
1850 9981
9920 6375
7293 3739
3216 7602
7925 5456
935 1954
2236 6356
7029 9864
9036 8145
9631 9161
9522 1086
6218 1012
1479 5795
2101 7524
3112 5128
8171 1016
2722 29
4685 9981
2555 1877
524 7366
4488 7265
8415 9149
6627 594
7516 1109
4525 335
3222 4588
756 441
235 7876
1146 9269
3239 3078
8412 7650
2346 3886
4458 6195
3834 1083
8897 4670
5551 8069
705 6927
548 1843
6880 2531
3163 5507
282 8152
5077 6199
731 2322
5888 7298
7740 954
2539 3477
1875 1245
237 1451
6177 9556
3397 2681
3513 3102
2172 3065
9450 6188
5167 5304
4247 2746
687 6404
1355 5230
570 4232
320 7169
1988 7207
788 266
6660 7928
1253 5169
4870 6456
1194 3531
1539 770
6909 2289
5313 495
5274 9074
1878 4059
3833 8206
1890 1534
4871 2358
9888 6603
2531 4264
2962 6503
5367 8464
115 7722
2526 837
71 1145
1685 4861
7810 4871
8869 1806
1329 2945
1117 2308
5957 296
2358 1601
7293 9300
641 5084
3874 276
2582 3598
1813 1377
717 2023
2377 1307
4447 6017
8427 6374
587 1462
9348 9526
8820 2123
8701 6625
7739 7881
7234 7609
8483 1340
4233 5050
7106 4191
3500 8242
7130 2408
9728 3010
8492 6529
8374 7827
155 1296
1713 3833
2196 3691
9816 1127
9659 1069
8468 6641
4073 5060
2683 2490
8624 3714
9225 4290
1423 7786
6721 8219
4607 9260
8693 2546
8364 297
7455 265
3201 4634
6480 9260
1260 2590
4395 6364
7343 6180
9568 9480
1376 1845
7684 1607
9095 6655
7664 3172
4511 8199
2397 4284
2339 7070
6139 2945
7166 8014
6539 3582
177 6033
1058 5328
9673 1023
5418 6022
7520 3297
5884 4708
3061 2627
7301 8872
6507 732
97 9269
6830 5405
7968 2044
6985 5880
8094 9281
5564 853
8667 185
2580 2757
307 6604
865 5067
112 5627
8979 6121
5251 8054
1873 4146
7615 4113
3363 4078
4028 8457
8289 829
8595 3835
8589 3315
496 814
7736 3499
2939 6891
4745 524
7286 6317
9569 7575
459 8968
729 399
4291 2121
8296 5626
2091 159
1027 6834
1190 1254
2540 9444
4841 7450
8847 4868
9843 7864
8011 5350
6150 6226
5210 5517
7736 4815
2435 3929
3 6853
3420 6952
42 7852
6926 1619
4629 418
3136 4980
1410 1879
9859 3737
2768 290
8710 1186
3031 6892
1513 9166
5391 4740
3118 9847
9607 7694
5213 4279
2214 2859
9991 9570
9147 5449
7585 3490
1358 9728
7132 7351
6623 936
5364 4432
1185 3612
9531 3849
9822 2715
3706 7286
8220 3095
1400 8430
7134 293
351 5647
5672 7750
6959 503
4233 7136
9035 5448
6176 6024
6588 9008
9474 7447
1772 6113
8888 2755
2056 6922
4181 5394
9683 6324
1932 3878
6732 4799
3175 1761
3301 9997
2991 8151
2398 4952
9000 3878
5699 1093
1019 8073
8456 1398
7006 6704
5184 7849
2657 2150
6181 9196
9453 2224
957 713
6297 4010
7699 3082
1544 2503
969 1456
3227 7586
5586 9164
4688 4242
9745 6444
5059 70
3411 4206
4173 3528
6347 7647
4580 433
1551 7729
7788 6913
4604 3721
1582 7043
4451 2214
1558 9025
8147 3161
8699 4961
8648 1950
7156 701
3024 8509
6380 8860
5614 1850
8551 3271
4033 6927
7278 2
8275 611
4146 8495
7454 5654
4474 8620
7369 5385
5880 6737
2899 1791
5961 1040
9059 7586
4622 257
607 2381
8589 2678
3988 1482
14 400
4822 6585
2832 563
7720 2504
7568 9546
6089 7995
2576 7690
107 5856
5234 4116
2409 5815
49 9899
8547 806
5991 7421
3853 6357
593 6313
5853 2102
7274 6234
30 9569
5481 5804
7757 4253
6244 131
5131 995
2127 9413
2655 5182
1451 320
7906 1845
5848 1831
848 794
734 4761
4820 1062
6446 1841
6468 5804
8626 7379
111 1260
7924 4550
1546 4019
4997 5370
6316 1601
9286 8300
1662 1190
2499 6249
348 2454
337 5201
1346 7558
813 3489
3212 7873
385 1673
3578 7498
9669 2083
1116 6880
5335 8062
5986 5522
3248 9696
7812 4683
4039 6573
3915 7355
8900 8674
956 2311
9596 7509
2589 2627
6083 585
3003 5026
6150 7440
7897 1808
7030 879
2638 6804
6535 5858
9926 4533
72 5813
4087 9003
9215 5748
7569 9931
9805 161
7964 8030
8468 3678
9127 5271
6445 8383
5016 5693
1519 6325
6879 9066
8821 9503
9668 8082
2901 7312
9177 5356
5265 4173
9854 104
3576 8367
4647 3518
451 1752
1673 3319
2360 9847
1767 3672
1560 9876
4092 1327
4981 3383
6357 4383
5608 9535
7599 6434
4490 2990
99 3911
2513 1106
6882 6009
2833 5561
3823 9051
853 9443
2795 573
1014 8618
8031 9948
5410 1217
3634 3315
8576 9803
6978 814
5351 7075
4778 6195
7123 3654
5519 8732
1918 841
9675 9519
6743 4705
9585 6808
9616 9200
2018 9161
6017 2663
1540 7830
2256 2967
893 5975
1583 2384
1411 9027
1369 6668
802 9875
774 6630
6664 9737
1272 5713
6175 9892
5930 1395
2280 268
7190 1279
101 8192
7869 3494
272 7234
4954 1348
9700 2041
6324 7854
253 9486
6175 5760
7286 4610
1563 3676
7364 759
1585 6247
7060 1728
