421,
952,
236,
762,
518,
567,
611,
963,
203,
382,
288,
261,
82,
443,
33,
744,
452,
705,
189,
376,
84,
771,
527,
93,
4,
371,
558,
502,
934,
959,
767,
358,
457,
283,
947,
617,
976,
80,
546,
594,
94,
360,
606,
633,
895,
163,
121,
713,
498,
407,
76,
524,
527,
896,
530,
970,
396,
633,
660,
889,
234,
921,
400,
948,
823,
133,
984,
434,
443,
928,
794,
510,
47,
717,
925,
883,
824,
408,
803,
860,
296,
96,
191,
695,
777,
983,
206,
319,
218,
391,
148,
459,
198,
386,
257,
321,
989,
537,
438,
203,
317,
447,
598,
182,
814,
761,
453,
978,
596,
437,
650,
606,
427,
472,
709,
309,
792,
859,
880,
430,
151,
135,
589,
525,
732,
818,
516,
721,
948,
782,
447,
823,
676,
263,
11,
309,
8,
385,
74,
274,
180,
894,
327,
649,
77,
383,
432,
218,
577,
713,
2,
370,
694,
328,
897,
327,
132,
349,
36,
61,
660,
869,
846,
840,
243,
659,
156,
640,
26,
952,
161,
466,
44,
256,
860,
65,
41,
336,
631,
540,
966,
16,
361,
543,
6,
781,
956,
641,
144,
958,
104,
185,
689,
105,
430,
684,
197,
253,
232,
962,
566,
494,
357,
620,
563,
56,
186,
51,
763,
14,
563,
204,
536,
162,
214,
698,
301,
863,
201,
542,
536,
865,
606,
315,
102,
412,
507,
879,
392,
718,
788,
53,
566,
470,
774,
573,
235,
569,
63,
960,
679,
842,
125,
806,
322,
429,
897,
27,
349,
703,
884,
863,
686,
448,
79,
699,
334,
182,
969,
25,
316,
843,
736,
567,
107,
654,
710,
973,
397,
389,
169,
73,
600,
777,
415,
163,
443,
582,
545,
992,
39,
53,
114,
512,
580,
603,
170,
170,
403,
170,
457,
794,
208,
951,
867,
689,
90,
513,
852,
824,
330,
145,
415,
713,
739,
809,
970,
290,
703,
789,
60,
177,
369,
858,
803,
478,
488,
614,
155,
235,
294,
807,
47,
195,
681,
537,
563,
25,
942,
262,
692,
391,
53,
248,
397,
381,
727,
62,
934,
247,
345,
254,
606,
295,
166,
823,
930,
214,
297,
705,
650,
678,
730,
387,
997,
172,
393,
875,
607,
633,
387,
665,
304,
40,
827,
827,
729,
333,
796,
814,
712,
301,
105,
146,
723,
276,
730,
773,
243,
109,
270,
582,
594,
961,
787,
176,
34,
391,
929,
756,
966,
275,
991,
785,
925,
629,
394,
762,
516,
315,
848,
775,
268,
784,
94,
333,
473,
723,
165,
978,
326,
391,
387,
724,
86,
790,
422,
682,
148,
128,
603,
249,
192,
976,
743,
309,
746,
138,
829,
1,
271,
170,
608,
666,
642,
949,
565,
67,
975,
226,
173,
116,
134,
336,
286,
626,
324,
484,
63,
452,
580,
393,
793,
966,
352,
403,
505,
91,
629,
537,
819,
660,
648,
412,
72,
915,
342,
108,
56,
20,
517,
284,
255,
845,
556,
816,
686,
516,
268,
303,
144,
585,
868,
717,
706,
310,
336,
986,
745,
21,
711,
81,
72,
404,
597,
407,
243,
281,
539,
298,
134,
874,
381,
4,
825,
348,
568,
14,
975,
501,
839,
440,
62,
377,
281,
70,
943,
459,
18,
935,
478,
612,
329,
338,
865,
920,
11,
122,
781,
5,
911,
409,
892,
52,
559,
966,
667,
112,
487,
459,
798,
931,
32,
734,
535,
24,
477,
974,
777,
475,
678,
337,
352,
640,
934,
701,
856,
630,
930,
822,
941,
465,
931,
648,
554,
304,
476,
432,
774,
103,
11,
911,
663,
542,
997,
744,
259,
709,
771,
323,
526,
748,
341,
318,
390,
922,
112,
739,
306,
170,
108,
342,
435,
363,
342,
977,
199,
618,
872,
787,
343,
998,
574,
373,
900,
991,
85,
74,
698,
593,
347,
167,
846,
935,
287,
530,
88,
750,
875,
142,
759,
115,
655,
657,
665,
726,
680,
267,
15,
958,
608,
727,
500,
9,
741,
909,
479,
740,
418,
352,
592,
407,
887,
779,
671,
88,
853,
104,
696,
574,
29,
193,
174,
468,
208,
157,
477,
256,
934,
724,
144,
14,
43,
498,
346,
610,
186,
2,
75,
777,
12,
373,
670,
812,
444,
163,
495,
582,
372,
542,
943,
848,
190,
636,
687,
666,
590,
586,
162,
295,
258,
81,
742,
108,
255,
621,
209,
85,
315,
801,
100,
805,
944,
704,
793,
835,
559,
362,
231,
215,
221,
823,
719,
387,
788,
857,
527,
865,
860,
152,
666,
324,
45,
784,
418,
834,
113,
812,
511,
699,
114,
424,
977,
51,
831,
914,
93,
272,
138,
712,
391,
876,
37,
497,
480,
361,
484,
488,
563,
978,
184,
408,
331,
338,
414,
249,
256,
624,
80,
56,
217,
839,
87,
927,
137,
766,
990,
196,
216,
18,
500,
537,
194,
62,
497,
375,
187,
119,
813,
561,
803,
219,
370,
620,
680,
498,
459,
75,
596,
928,
712,
737,
806,
829,
301,
777,
845,
966,
295,
664,
248,
999,
883,
892,
620,
874,
128,
574,
161,
930,
143,
80,
739,
7,
268,
380,
852,
233,
136,
569,
618,
930,
576,
834,
436,
38,
449,
934,
355,
867,
34,
74,
894,
119,
984,
585,
262,
120,
607,
515,
21,
362,
572,
979,
414,
876,
765,
248,
521,
129,
769,
184,
444,
888,
475,
324,
580,
217,
225,
755,
944,
53,
76,
614,
299,
914,
288,
922,
694,
3,
878,
366,
857,
945,
28,
633,
475,
400,
197,
563,
902,
320,
317,
632,
671,
849,
651,
905,
288,
102,
942,
710,
799,
809,
931,
888,
320,
138,
599,
114,
756,
545,
150,
17,
747,
626,
143,
254,
62,
864,
507,
50,
164,
908,
822,
60,
63,
863,
134,
830,
928,
853,
228,
305,
330,
570,
230,
335,
340,
200,
432,
775,
604,
730,
744,
509,
816,
738,
346,
917,
634,
886,
739,
68,
283,
823,
883,
924,
696,
691,
802,
576,
254,
253,
455,
210,
202,
924,
475,
550,
246,
149,
394,
408,
354,
686,
856,
268,
118,
44,
553,
974,
650,
222,
128,
276,
271,
346,
924,
36,
230,
673,
692,
398,
220,
833,
404,
816,
529,
59,
109,
486,
545,
873,
779,
997,
685,
391,
301,
746,
