-68.58	-83.1	-60.29
64.75	2.38	-21.7
-86.01	-90.14	-81.32
-77.68	-58.09	-85.78
-55.29	88.29	-10.98
-67.25	-80.8	20.48
41.53	66.84	-97.71
-15.08	-68.85	-52.8
-70.42	-36.34	41.51
41.97	0.1	25.68
30.49	-8.1	-77.36
-67.34	-63.7	96.27
64.84	48.12	38.81
-36.77	-41.38	81.33
25.57	74.44	-2.11
18.37	90.14	17.8
-65.89	-61.4	74.96
-27.16	-77.59	38.16
-7.11	-32.63	10.01
-84.83	-72.44	24.43
54.29	21.74	88.81
54.78	73.12	79.95
11.34	-68.08	42.49
47.69	16.18	14.78
90.46	-6.44	48.01
34.01	49.36	-99.54
68.89	-87.43	86.88
36.38	14.49	31.22
16.09	-43.73	6.12
-56.34	-58.69	97.04
-96.43	26.7	-68.41
-31.95	-41.71	92.77
1.62	29.74	-38.11
71.23	51.54	75.67
82.76	54.82	-88.0
-97.78	55.33	-80.61
-82.98	63.67	-11.45
-34.97	-51.51	-29.79
-41.38	1.67	-97.71
34.52	38.31	45.11
-20.39	-96.13	-26.52
80.85	-56.24	5.95
-26.45	-42.95	-24.68
76.6	-58.73	7.26
-42.24	28.31	-89.02
-8.92	81.92	12.41
-57.01	48.95	37.9
28.6	-83.79	89.99
-33.49	-93.39	-73.25
-73.74	-51.59	5.78
-11.76	-88.49	-41.23
40.07	-31.42	0.89
-82.79	-49.57	-57.3
37.76	-57.75	-87.58
19.52	-4.19	52.82
60.16	-63.47	-70.62
-98.68	55.62	45.36
48.94	-52.43	-70.45
99.62	-17.41	14.31
97.79	15.72	-17.43
63.43	9.07	-72.82
-72.83	47.1	65.71
-49.88	30.44	6.99
-20.9	-51.35	-26.67
-81.22	-24.75	-98.74
-12.57	71.58	-11.53
-82.55	5.24	-70.75
-35.61	-70.9	99.12
-19.67	-93.13	-9.94
-95.05	31.36	-45.94
48.7	54.6	-63.45
85.01	-24.87	-90.7
-29.1	-37.29	-57.22
43.26	-8.81	38.13
87.55	22.08	58.14
-22.35	-65.42	-58.77
37.44	53.65	6.77
-49.79	66.32	48.13
-16.69	3.83	26.71
-38.76	-66.42	-17.8
85.71	-17.56	-54.23
-49.4	-83.28	-37.74
-44.62	-73.71	72.56
21.67	-14.53	-71.89
-34.06	2.06	74.72
-75.98	-45.54	22.51
-61.97	97.04	73.88
-72.32	-31.1	-57.97
19.43	-84.5	-69.74
68.96	66.21	-71.47
-47.25	-7.12	-37.96
47.2	-75.73	-55.36
90.3	-47.72	-57.27
-4.08	-55.2	-77.13
-27.21	99.81	54.49
27.28	-37.03	84.36
-21.42	-7.05	-16.2
98.68	-99.12	-94.21
-10.97	41.45	-98.26
-68.92	-37.95	-32.8
-47.57	-40.33	5.71
-38.74	65.13	6.6
-40.89	36.82	38.64
51.51	5.99	-88.39
-20.22	-36.81	-18.11
-39.24	-51.58	18.97
85.04	-7.79	99.44
-99.2	-72.28	70.48
-43.65	60.53	46.44
39.39	98.15	-77.11
-4.72	-97.57	46.43
-22.56	-21.74	96.07
85.87	-70.41	94.01
93.34	49.31	45.33
-79.99	51.39	65.12
-48.9	-89.79	-62.6
-45.74	-7.53	-63.2
-16.39	-90.48	-30.46
44.42	-30.34	-38.89
-57.06	-61.27	11.83
44.91	52.53	37.13
26.4	-58.53	-17.06
89.28	28.54	-66.33
23.46	-28.18	53.9
-72.91	-94.04	55.88
77.58	-93.17	-11.15
49.0	-85.32	3.65
74.51	43.2	74.61
47.49	40.22	59.95
-79.35	-92.56	-92.91
85.09	54.35	44.48
75.27	-5.4	88.32
-13.05	-28.62	27.24
69.58	-86.09	7.63
-17.64	77.23	-48.64
-68.78	58.0	17.09
69.01	69.86	84.49
82.02	52.37	7.41
-31.0	-57.83	-53.11
7.56	-8.83	34.01
66.52	67.99	65.45
-65.32	-10.91	-70.85
-53.53	26.36	-94.18
-20.1	97.08	46.49
61.06	-36.8	-85.08
-59.41	29.71	10.51
-99.75	-37.08	-5.86
-8.18	62.85	47.14
-98.38	68.83	28.0
-68.31	3.18	-32.41
68.33	-66.42	-87.68
-3.07	-84.54	25.78
15.13	73.68	29.29
-51.99	-20.09	32.19
-90.41	33.48	32.01
-84.55	-38.45	-33.15
13.63	77.49	-3.35
46.17	94.63	-28.61
-67.96	93.0	-49.46
72.23	88.16	-34.37
27.52	11.51	-30.59
10.42	13.51	-15.91
29.4	-80.41	-43.23
14.73	34.74	82.44
-6.1	54.87	-2.49
-56.46	-17.31	12.2
-69.46	7.01	86.92
-91.59	-17.29	39.64
-60.9	68.39	14.43
16.2	-79.5	27.57
-26.6	94.95	-15.1
-39.69	-19.84	73.64
-79.38	-40.93	-35.69
-47.08	-8.03	36.45
-88.55	-16.19	67.62
31.11	15.52	-7.29
-82.3	-61.42	85.41
55.01	46.96	-97.83
99.8	-54.64	-53.27
77.33	23.01	6.16
42.94	36.49	-59.99
-46.45	-0.24	0.4
-77.26	62.51	25.97
-62.98	-16.85	14.23
21.66	-66.7	11.65
48.4	19.65	-24.68
-29.55	86.3	-9.65
50.92	60.53	-34.58
-21.7	25.59	80.77
75.84	36.44	-34.41
67.83	-19.52	27.13
-1.54	57.09	23.62
-73.64	-36.6	59.79
7.91	-62.81	45.25
42.4	-80.0	-42.6
-28.5	11.56	38.88
2.08	10.4	85.4
-90.32	63.31	-35.12
31.84	-52.46	0.26
76.24	-0.96	78.56
90.79	-79.61	37.43
-25.48	-49.06	-13.74
-28.39	24.49	9.1
11.11	-97.74	20.76
-6.37	38.18	-74.21
-18.97	-82.63	-64.52
68.85	65.63	-57.75
42.72	82.77	-66.58
-64.11	-4.51	-47.36
-71.69	-37.74	-1.17
-82.34	1.32	-9.52
-57.58	14.26	-25.23
49.17	36.75	91.76
30.09	-76.47	46.21
33.47	93.29	-9.54
30.37	-46.4	65.07
89.88	-16.68	-97.05
-67.38	-50.21	16.53
-50.02	-96.2	84.98
-76.41	81.89	9.26
-96.3	-19.36	46.72
81.79	92.27	-68.54
-18.5	7.95	-99.94
70.81	25.85	-78.67
93.86	-38.36	-53.87
-65.87	-39.53	-66.24
13.17	-92.48	-3.17
-66.34	-6.95	82.0
-94.93	-35.41	8.96
37.36	-47.09	85.47
-85.97	35.66	-84.76
-77.34	-53.76	-99.06
31.25	-46.02	-43.69
-44.52	85.08	-21.9
-59.59	-15.6	93.77
-58.73	62.78	-36.97
7.93	71.23	23.53
-23.85	93.09	68.73
-64.9	-16.18	-72.1
-31.54	68.2	63.13
-39.68	-36.64	-81.8
-84.72	-37.57	28.28
-14.26	3.55	60.85
14.13	7.88	14.83
5.14	-1.37	-49.66
-53.57	9.42	19.12
89.49	-84.74	16.74
29.59	-29.33	-72.48
79.03	71.9	64.51
-68.73	70.56	-21.75
-86.96	-43.26	-57.3
44.66	23.18	31.81
44.57	99.91	76.41
-99.57	11.39	97.2
23.7	-26.33	-56.21
28.64	-30.05	-54.56
-25.52	-9.98	46.06
-30.11	-5.99	57.27
87.74	-76.27	-6.36
60.41	-98.94	52.55
-18.64	-33.51	-94.37
8.65	47.06	-81.37
19.74	-79.9	-58.0
16.89	42.05	41.27
-71.11	27.5	-90.74
-72.51	-28.15	-93.96
30.25	-23.83	52.48
39.78	-26.67	-56.69
64.66	96.18	9.01
-74.34	15.15	6.99
-56.26	-92.84	68.84
25.82	-10.54	16.68
17.91	28.99	-81.94
33.84	-52.1	-75.81
92.59	68.08	28.19
46.7	-87.96	36.0
-56.82	21.61	-54.84
50.85	-95.1	-74.6
69.11	57.69	-68.45
15.44	44.34	-12.69
22.25	-72.84	-35.25
-11.28	-88.92	-62.54
25.72	-27.37	-0.92
81.74	60.56	-94.93
62.52	-5.12	84.63
76.62	-22.9	-26.05
-99.21	-92.16	-73.28
-24.35	20.21	-31.92
-27.02	21.06	50.82
48.05	42.75	-31.02
-57.37	91.1	-34.11
54.79	-79.09	-65.67
51.48	20.71	-87.5
46.96	3.16	-73.36
-90.98	20.87	70.54
84.31	-27.95	63.01
-36.9	78.58	49.74
7.98	-68.27	-28.17
67.91	11.98	-79.03
18.7	-1.26	-88.09
-95.39	6.61	12.41
-10.28	-74.04	-14.29
62.72	-12.05	5.69
96.94	-6.28	47.16
-63.19	85.71	-64.67
55.78	-15.71	-47.29
-30.77	76.89	83.19
15.34	-22.81	-57.26
83.76	31.71	9.12
52.74	98.47	-34.78
-81.16	-14.98	-72.82
86.79	-11.02	-20.64
-78.01	-12.27	64.51
-84.7	-58.33	-37.93
-65.62	2.78	11.9
-61.48	-6.55	-22.97
-20.72	-1.45	-32.03
-12.59	18.16	80.9
2.11	24.33	53.02
33.01	-95.89	36.03
-7.99	45.24	96.63
31.62	-87.35	-94.05
67.24	71.04	-58.16
-13.25	16.12	8.53
-48.24	14.15	-91.63
-87.04	-91.31	-39.15
88.21	62.62	81.17
71.39	98.57	-92.36
-63.73	-55.76	8.65
16.93	24.62	-15.59
49.28	-91.35	-65.47
-2.51	3.94	-95.34
56.76	-33.4	20.08
90.7	60.21	-2.74
-10.0	58.52	-76.26
-8.05	45.35	64.05
-58.22	-34.58	98.02
86.35	86.24	96.33
-45.81	-69.25	-92.75
-26.85	53.26	-91.27
83.29	-36.21	28.48
-49.73	-14.78	62.07
0.45	4.88	-2.38
-61.83	3.0	-14.14
-48.37	-20.89	-0.6
89.53	-45.02	-90.67
-12.88	76.88	-23.14
-63.84	26.75	53.79
-37.23	-70.02	97.13
94.4	-75.95	80.5
39.47	66.79	88.36
64.43	9.33	83.38
-55.68	-45.11	65.86
47.72	-91.3	96.27
-93.32	-49.3	-44.77
-5.55	59.59	25.88
27.96	-13.01	66.48
24.54	-41.4	16.68
-67.12	-67.85	-78.69
-55.88	67.79	82.38
-26.35	83.46	-81.08
-19.39	-90.38	-49.46
36.87	6.9	29.0
11.2	-31.45	-55.66
-45.33	7.4	-62.24
49.79	20.11	2.11
-91.27	-47.95	-31.6
74.68	11.3	-56.63
-48.38	-83.89	19.75
-37.42	88.28	-10.88
1.23	-4.7	-26.26
94.74	64.28	0.14
-95.07	-47.56	43.39
30.95	4.46	-56.53
1.64	-44.85	-86.74
-60.5	-90.81	73.3
-50.17	-88.03	14.04
-78.33	-32.12	-49.81
-23.4	82.01	85.97
51.81	88.75	52.27
48.08	-81.26	-17.68
-78.18	-50.58	-77.95
-67.17	-23.86	-19.48
14.74	64.87	71.88
5.8	-40.03	80.71
44.54	60.0	9.28
-88.0	-43.74	-92.35
32.81	-58.98	54.76
9.01	51.33	-87.43
17.33	-55.77	-25.51
71.23	75.84	85.06
-18.44	-47.79	51.01
-58.08	79.2	-34.22
-99.48	37.93	6.13
-20.37	97.97	-11.88
38.99	48.15	18.38
50.23	53.02	75.57
-97.08	68.06	-22.39
-12.43	88.69	46.96
6.49	90.05	-63.27
-21.4	38.2	-92.54
-79.29	-13.66	-72.7
61.36	1.32	-10.01
62.59	6.71	22.79
-93.83	90.14	71.0
93.68	-34.81	49.85
-42.84	-14.14	-70.78
55.16	67.34	-27.09
41.52	-47.69	81.84
-31.65	11.87	-13.53
-72.58	-98.79	-33.97
1.01	-47.4	-53.62
-7.03	-22.13	59.38
58.44	-79.36	-88.85
-85.41	27.1	92.87
99.7	61.03	-72.49
54.25	45.43	-94.01
28.39	-0.91	-79.72
77.7	-66.44	61.9
65.88	-40.7	-63.78
80.86	52.14	-56.49
8.21	60.19	-4.39
98.82	-37.81	61.51
-33.45	2.96	-75.55
-40.63	-81.04	91.25
-93.63	-56.77	29.84
-41.24	43.03	-8.79
86.68	30.95	-52.1
14.82	91.2	24.51
-37.44	-86.05	-72.9
-70.59	-90.62	76.72
43.48	-75.47	86.34
94.57	94.89	96.92
53.97	45.53	95.62
-66.6	16.27	-15.16
-26.93	89.55	-86.15
-61.6	-94.72	-67.91
7.4	-87.6	60.95
26.31	-59.44	-51.15
52.03	-70.37	-64.24
9.72	-5.15	-25.91
19.38	-14.22	-99.12
83.13	-35.86	75.92
-78.02	-98.87	89.17
15.32	32.51	-85.91
-16.13	75.5	-42.47
6.06	-75.16	-33.66
32.6	71.85	51.38
-43.08	35.33	54.54
-4.0	27.72	84.33
-13.76	-53.04	52.44
-27.19	32.3	18.51
-98.3	81.22	25.92
49.76	-30.75	-38.75
-50.22	19.89	13.37
-88.83	-24.22	-33.88
46.87	-81.87	-17.92
-2.21	39.1	68.43
-62.8	-65.06	11.7
-16.01	94.93	-80.79
-50.21	-85.99	65.46
90.68	-46.04	-39.36
78.74	-35.74	-16.99
32.85	17.5	-99.83
63.13	-46.86	-23.34
-48.91	-86.57	-38.38
-57.97	-26.28	-14.55
-95.44	69.44	-41.86
-40.04	4.39	20.98
-29.79	5.47	-90.56
63.58	-48.63	-96.79
78.88	-13.33	7.44
46.79	21.87	14.6
-7.82	93.11	55.16
-54.15	-11.55	63.65
-19.23	-29.58	-15.85
86.32	-62.45	-78.8
60.29	44.51	-64.07
-98.07	91.47	46.23
52.19	-94.59	91.48
-73.25	-16.98	-3.91
-27.52	67.38	33.79
-66.4	-52.56	41.52
86.92	-13.84	98.55
-54.55	28.73	-82.31
69.38	70.32	-88.32
-77.32	17.53	-22.51
-83.6	-24.48	91.15
-49.2	73.28	94.99
-92.94	-8.4	-58.42
95.09	81.49	17.78
-38.54	-78.41	54.51
-14.88	16.97	-22.91
49.88	36.72	-37.7
-39.03	-8.09	-77.26
-88.43	44.96	94.58
-96.83	17.15	87.7
13.05	45.99	-57.77
-9.73	33.01	84.33
82.85	-3.47	25.86
-76.19	12.75	-39.4
-1.95	24.67	-20.43
93.02	41.74	-15.3
-82.28	97.98	44.56
73.28	20.65	-59.27
83.37	-61.92	44.18
71.52	-7.64	10.22
-32.47	82.77	-0.38
46.13	72.06	-59.87
57.35	-57.08	-74.08
-84.99	-78.03	-20.36
23.17	-51.77	-19.96
39.51	86.19	-98.48
79.56	95.51	-94.0
-51.39	79.33	93.4
-38.09	-51.66	50.27
58.96	47.69	0.16
46.01	-19.61	89.16
-2.46	60.06	-11.1
-26.95	-0.28	16.65
-31.88	-69.59	12.27
57.63	-91.58	-42.95
-50.1	-82.23	-4.13
-16.32	51.14	93.14
39.08	-29.36	-0.86
-77.47	85.76	56.4
-80.97	64.82	-57.68
70.48	4.53	-15.42
-87.68	75.55	-34.05
-69.5	-53.03	-5.23
-12.85	72.51	-47.82
-46.13	84.01	-51.0
82.52	47.22	99.79
92.25	44.37	-86.34
-40.34	-1.85	-91.44
64.95	52.23	-90.55
45.86	-57.98	-69.34
-5.67	31.05	79.32
85.44	11.62	44.58
-69.34	-50.99	24.17
-54.57	-56.86	71.58
-54.73	17.29	-65.47
-60.89	-46.99	-70.65
2.49	-46.51	56.89
2.32	-45.32	19.77
84.53	14.25	73.28
18.53	-33.75	15.89
-98.43	3.67	-37.86
26.31	81.69	-15.99
23.21	-25.43	-67.28
33.46	82.32	52.57
63.1	0.01	95.52
52.05	-65.59	15.76
6.17	1.72	54.73
56.73	-43.66	-50.56
69.01	54.6	85.04
-83.32	-19.23	42.81
23.03	14.6	-49.75
9.38	93.98	2.33
98.34	2.62	57.76
30.17	20.23	96.37
-41.41	-82.2	69.29
20.26	92.76	59.21
-11.57	-80.46	-35.57
-12.01	71.91	31.3
-5.75	-56.69	-16.58
-64.9	37.33	4.68
-94.27	-55.91	11.08
-28.99	-91.35	0.19
-58.78	20.75	49.87
1.93	-83.51	93.41
17.26	4.57	80.28
66.08	78.54	-33.95
-30.64	-10.83	-34.97
-15.51	-49.24	-12.04
-1.54	78.15	-61.11
10.63	42.14	71.18
-5.12	81.96	34.8
27.81	-11.53	16.69
61.34	-97.75	1.0
-10.95	-21.82	-0.67
58.82	87.0	-7.89
-68.33	-12.33	-64.16
88.83	44.5	-20.62
-39.15	38.63	88.3
30.47	52.46	-55.71
-16.36	-93.21	-97.24
-13.41	-66.2	-88.41
-74.3	51.91	43.92
-3.01	-96.19	30.38
-97.33	-14.36	-67.56
71.21	-93.99	-97.22
11.56	54.46	-37.44
61.34	-44.58	75.59
12.41	68.72	-68.84
-56.15	92.53	-21.52
67.55	72.45	69.45
-55.15	64.24	-16.94
-48.18	-73.35	57.92
90.07	-87.45	-4.82
-21.45	-76.14	66.44
73.85	55.85	20.09
-18.97	-63.29	32.99
46.47	-69.42	26.79
51.41	50.12	-83.08
8.11	27.93	19.7
19.57	72.19	91.65
82.61	-8.12	60.99
-99.85	73.96	31.4
94.68	51.17	1.37
-15.05	83.47	-90.54
-12.44	18.18	-45.22
96.63	89.92	-27.04
34.97	91.34	-16.99
-56.5	78.48	68.26
97.9	99.28	-91.91
-75.06	13.27	-11.88
34.69	-88.71	52.57
35.52	39.87	86.36
71.3	84.9	-79.8
-72.51	62.44	-64.07
27.35	7.54	-84.5
-19.88	74.93	3.71
72.37	-78.28	-46.46
-56.86	-35.6	-2.81
-1.01	-7.09	47.64
-5.72	-10.02	-55.12
-27.47	-42.14	41.87
-78.57	-12.12	-26.42
-39.53	34.37	-39.46
35.34	-16.9	-62.66
65.28	17.56	21.81
96.34	-21.14	-84.05
-44.97	22.75	-74.52
-13.85	47.84	95.91
61.58	87.24	93.48
69.95	69.12	70.22
-48.67	35.18	-55.72
-32.82	82.7	90.88
-41.25	-31.14	8.96
-73.0	-53.1	18.18
80.78	-44.03	-49.87
59.93	-54.27	-63.06
52.19	-17.66	-97.0
-23.38	42.12	17.65
-56.41	52.22	-17.21
22.24	49.37	-53.55
-79.53	98.33	-30.3
-67.56	85.99	-99.55
21.12	55.04	40.67
99.17	28.51	-17.86
-17.54	-60.02	47.8
-71.22	-16.74	-18.84
-3.2	99.75	54.02
72.49	31.95	74.57
-30.13	-76.96	-76.33
-19.56	27.76	-20.97
61.43	-13.96	87.39
-75.92	-97.03	-43.83
57.37	-62.93	71.41
-77.27	37.98	58.94
-47.73	85.27	-30.27
-19.82	98.03	-97.98
79.94	-85.01	55.29
65.2	84.15	26.89
37.64	27.7	-70.24
81.87	-88.42	-30.63
-49.52	67.71	82.33
71.96	17.84	29.76
-37.67	-39.82	-70.79
83.48	0.66	59.51
16.01	17.24	2.61
-47.01	-20.52	-81.33
86.6	-49.62	97.67
28.36	-48.38	15.48
9.53	23.01	35.95
33.48	91.74	56.3
-3.41	-61.66	-12.89
-47.77	-93.46	-67.99
85.38	75.19	37.36
24.04	-49.31	32.97
41.4	-72.72	-71.47
-77.58	-75.02	36.99
-50.98	55.39	85.46
4.84	-63.3	-97.14
24.84	65.65	34.95
-75.53	38.72	-37.72
40.42	97.27	36.25
-63.8	-96.89	-32.28
-97.77	6.66	-5.7
38.14	49.32	-44.04
18.69	-42.31	49.78
-90.01	58.13	-36.38
81.39	21.5	58.39
-38.37	41.46	11.18
-22.34	-44.94	94.92
-84.56	-12.46	-53.85
-30.42	88.38	44.19
92.64	21.41	75.23
-44.99	-87.55	-88.73
-42.18	45.61	-47.18
-53.9	94.48	22.45
66.96	-9.04	9.04
62.76	-83.15	92.22
-3.72	92.23	-10.66
30.91	53.95	93.09
97.52	-15.69	72.19
-61.44	59.01	57.66
-90.76	98.34	-93.03
40.92	67.72	-97.56
-70.31	89.82	70.31
-97.91	65.66	-88.92
-99.58	-65.44	41.69
-50.09	-76.5	-44.81
-58.59	-39.95	-88.64
-20.1	-52.45	92.73
19.08	-79.71	57.29
-83.2	-16.96	-15.32
92.55	82.84	76.54
29.36	-8.52	-32.04
-12.17	54.8	3.74
-99.16	-38.78	6.03
-86.17	96.51	-59.16
-61.26	37.08	85.63
-25.63	-67.91	96.1
-88.52	29.99	1.95
-49.52	50.31	66.25
-30.21	-74.93	-15.37
57.62	-17.25	8.9
-36.56	-84.26	-2.47
18.91	8.47	-69.83
-50.3	-68.84	67.62
29.13	-27.65	22.2
89.8	33.26	81.5
51.95	-12.79	-90.56
87.22	-18.89	-87.95
-64.09	-37.19	-94.38
-35.29	-59.75	74.01
-71.54	-48.15	-29.84
65.06	-25.5	-56.59
76.67	15.41	-1.15
83.79	26.15	49.96
-40.19	47.6	63.08
89.83	-5.27	78.01
-16.25	75.22	46.88
94.09	-30.02	-82.48
-89.35	51.68	-35.84
18.62	-73.65	44.92
96.73	59.69	-4.96
-9.54	-32.85	62.39
5.89	14.17	-53.86
-92.52	-52.83	2.91
-88.4	12.24	19.13
-55.1	-23.26	-19.67
-93.43	-20.53	-73.52
62.86	28.59	-13.48
-48.49	-94.21	14.76
54.48	14.07	-19.38
40.8	-70.89	99.27
43.01	-80.36	54.45
67.92	-81.49	-52.67
13.17	94.92	-33.67
46.62	-35.53	23.41
-43.84	99.5	-94.52
3.4	17.86	64.38
-17.43	-93.5	18.12
89.58	-38.7	43.68
-29.59	-96.8	-47.63
-76.22	-73.77	65.97
-38.85	70.92	-77.09
48.0	-7.68	-44.27
-80.28	28.51	-32.98
38.93	27.56	-63.21
17.76	47.23	-77.64
-47.26	-78.81	35.38
-26.96	58.58	-35.28
-48.27	80.09	28.67
94.55	82.72	-36.43
18.71	-53.35	-76.57
-96.94	10.13	36.9
71.54	73.84	-95.13
42.17	40.27	3.87
-27.84	-37.19	-36.21
24.01	1.53	99.15
-25.65	-60.39	46.14
-95.2	-55.17	72.94
-10.85	7.87	-41.92
16.94	94.47	-79.76
-5.45	-35.93	-28.35
81.9	-37.19	-41.78
80.81	-1.14	-90.92
-59.82	-51.91	-21.61
30.39	-92.43	15.74
-36.36	80.1	-81.69
64.7	-37.51	-26.18
-9.68	97.53	99.02
-38.83	83.75	-0.8
-52.02	-98.63	-7.11
13.58	-55.45	31.24
-82.6	-84.06	-43.35
-16.4	-17.93	-0.32
62.27	62.06	-62.21
-61.87	21.56	92.4
-50.27	-66.02	-19.95
-38.13	38.16	-48.19
35.23	26.04	-62.34
-68.52	-58.49	7.73
-32.78	-66.93	9.36
8.21	-1.41	96.48
-87.0	-78.02	85.21
-82.75	29.8	89.75
8.61	-59.55	-97.73
-85.25	-63.19	-53.69
-45.76	-5.69	-98.18
-79.97	86.82	88.31
42.56	54.46	-22.86
91.83	15.95	75.98
-24.6	-88.52	29.12
48.81	-46.59	-54.26
21.71	73.68	-19.7
62.48	32.88	-35.58
2.5	61.2	-89.04
-5.8	55.15	1.71
-47.95	18.62	-38.42
8.59	13.83	-38.62
-51.61	-8.69	80.26
20.55	-39.73	-91.31
73.55	-52.01	82.74
79.34	43.8	-69.44
16.8	-85.51	92.85
-9.95	-26.5	-99.23
81.07	99.96	73.93
-4.01	-12.91	-10.49
-1.77	99.91	-79.88
57.59	-25.66	44.09
-53.08	71.69	-35.47
86.14	33.62	-67.46
-18.55	-5.68	7.56
86.17	-67.54	58.5
40.4	10.89	31.95
67.98	96.82	20.39
23.05	12.98	48.46
30.32	-65.55	66.33
-22.58	-47.99	26.51
41.09	11.72	-77.89
41.55	-45.23	17.91
19.95	-47.91	32.44
-89.45	43.54	-50.87
73.83	6.49	-91.92
-16.77	-95.95	-46.22
-81.94	41.56	1.14
2.98	80.63	19.45
14.37	16.09	58.71
-67.98	13.04	-45.31
-49.7	32.02	62.99
14.86	83.86	-29.7
-86.28	-67.94	-43.85
98.03	23.83	91.09
55.51	81.67	-98.96
-81.14	-12.85	39.62
6.57	25.35	42.82
-9.02	-9.12	20.06
25.95	85.83	96.59
-16.21	83.0	-3.54
-68.21	70.56	23.93
-92.48	61.38	-24.92
-57.39	-32.33	-88.69
83.58	3.58	70.33
-73.98	49.8	72.45
54.96	-3.92	-14.8
90.69	61.68	-43.64
66.18	50.28	-98.5
-62.5	38.85	42.18
-63.11	43.48	-67.31
-31.67	-76.77	-45.81
-37.95	-66.48	10.96
86.24	37.52	98.87
-47.08	-55.87	50.52
-16.04	54.5	86.35
65.04	67.78	90.41
8.3	99.7	-91.68
91.41	15.37	-11.74
32.37	44.6	-93.72
-64.8	-52.08	-70.2
32.23	-25.37	-44.9
15.45	-61.98	-50.74
-93.52	50.09	80.61
9.25	20.93	88.65
-53.15	-97.01	-41.83
18.06	-3.69	26.82
-65.02	-62.41	96.23
37.21	-58.5	32.75
50.21	-49.16	-44.2
32.05	27.6	32.76
-3.75	53.95	-31.69
-69.33	-73.31	17.39
37.64	9.56	-88.07
-78.06	-67.37	65.02
6.75	-39.73	-33.71
-5.45	-8.7	95.71
54.93	95.39	33.66
-3.74	23.64	47.76
-15.67	-92.06	53.08
-45.79	-68.33	76.11
96.29	-1.84	92.92
17.79	36.89	29.17
-17.71	-35.87	11.58
-70.59	-24.16	-82.08
-77.7	-47.72	77.64
-87.7	-60.87	16.87
-28.79	-30.36	-21.57
73.86	19.88	-41.2
-55.79	-86.66	99.88
2.09	74.15	36.31
-61.62	-27.52	-35.92
-20.58	28.36	64.37
-51.92	59.4	9.79
-78.85	-94.43	-22.81
78.76	-9.01	-6.95
98.54	43.86	20.59
-74.54	56.21	-85.05
72.89	-8.69	88.42
-14.25	-71.17	-84.45
-14.47	-9.6	-98.06
-43.58	-19.02	93.7
-8.12	84.18	-0.22
-30.32	0.47	-39.14
81.43	48.74	76.67
-40.22	-61.35	-35.47
21.38	8.89	-15.04
-33.23	-55.42	49.25
-40.05	-20.86	59.54
-84.0	-34.62	77.62
-18.26	59.65	-31.8
-5.32	-38.01	-81.99
-27.77	-74.09	-39.74
27.07	65.16	-43.81
23.34	-77.49	24.44
15.59	-76.48	51.52
-42.85	-32.31	66.55
-68.08	3.23	40.31
-65.17	3.64	60.75
-28.47	26.95	16.76
51.6	-13.34	72.03
9.75	-24.92	43.79
36.16	-6.06	81.04
94.59	89.13	-91.12
94.55	30.47	3.53
-30.68	-45.7	-10.96
-39.47	93.26	-99.92
14.5	-82.79	-7.82
-75.07	0.13	42.05
-9.53	25.9	-94.0
-18.71	-75.77	-69.12
-92.27	-77.85	-38.85
92.57	-4.96	-12.87
89.83	0.83	96.41
-3.28	5.0	-79.78
53.36	-72.61	-63.19
88.92	75.15	81.75
55.29	-12.73	-36.0
7.47	5.66	24.27
28.71	-65.75	-38.82
55.5	-95.56	57.14
27.89	24.24	83.52
-13.19	-93.3	-41.35
28.43	61.81	66.44
57.75	-32.81	-43.68
93.66	-5.0	83.98
34.8	78.53	-20.91
13.98	-87.43	-69.65
58.04	-40.54	-88.41
6.1	-15.62	15.26
-81.67	-56.28	-96.47
9.79	-10.62	39.39
-21.64	-21.07	63.32
-32.21	67.24	67.56
-18.87	-66.59	93.62
72.77	-45.82	-20.05
25.49	-86.82	80.18
21.79	-73.46	-57.89
34.1	-74.05	-16.86
50.8	10.41	89.63
-27.78	-93.42	10.9
20.41	55.18	-65.85
74.52	32.47	-31.0
41.9	-86.29	-10.64
60.3	-47.35	46.89
27.55	-9.38	58.7
-61.08	-60.52	-38.07
67.94	-29.65	40.69
52.18	0.66	-44.09
-56.98	-33.42	-83.89
-16.61	96.18	-5.95
-21.3	-58.14	81.38
-85.6	-78.97	21.41
-19.25	-66.85	46.42
14.56	9.7	-29.99
8.53	16.81	19.54
83.98	54.64	-89.08
-74.22	-15.07	96.79
60.42	-2.53	38.67
-53.03	24.95	-63.46
-53.62	-29.55	-16.57
29.73	66.13	15.05
66.64	-18.63	26.69
70.26	48.19	-55.25
-26.91	-24.49	21.43
61.25	-16.09	-49.44
-19.54	25.62	22.26
-54.94	65.55	-86.08
-49.97	34.95	50.83
22.93	-61.47	-36.56
-60.71	-72.19	-71.02
98.16	-74.99	-31.34
48.68	-90.23	-86.33
-71.84	-93.91	55.93
7.48	-71.27	-53.99
40.33	-60.24	54.23
-31.02	-96.01	50.09
60.62	65.86	-16.23
69.78	6.93	-35.74
54.45	-98.92	93.24
-1.0	31.16	16.5
-17.69	64.81	-1.96
12.49	4.03	16.01
92.39	75.26	-69.18
-41.78	-24.96	-2.32
54.87	29.26	5.06
17.23	-68.66	-56.66
67.89	17.32	53.9
22.77	-80.04	75.84
-57.03	-93.13	0.03
98.32	70.2	-22.29
52.95	-69.0	76.29
98.49	-57.3	20.32
18.28	-87.48	68.19
90.51	-49.56	12.9
21.12	-62.19	67.09
85.59	-66.17	24.3
6.24	27.41	70.11
27.4	-44.39	-88.67
-68.08	-50.48	-79.98
31.86	77.49	-28.52
9.72	34.36	-85.75
-16.66	-44.94	-89.93
-82.96	-71.92	37.41
-39.42	50.69	6.55
9.36	73.58	-59.02
37.38	75.04	-51.99
-92.82	3.3	70.95
-9.24	-28.4	67.96
-31.75	90.1	-81.88
1.15	-10.23	-68.48
49.08	74.69	-41.32
36.18	-18.46	-64.09
-46.4	-72.87	-61.46
-52.57	32.8	26.08
61.99	-51.69	16.76
-13.42	-59.38	78.36
-46.9	-21.34	43.08
87.4	-68.77	23.21
71.43	76.61	7.76
82.69	40.04	-78.06
-0.78	36.99	86.64
49.98	-14.85	-33.86
31.68	14.57	-33.74
-93.61	-24.3	-88.7
-12.81	47.91	94.6
-6.61	-13.62	-60.68
-78.61	-51.69	-41.42
-86.46	-93.48	96.66
-33.81	47.96	-47.99
-79.29	15.29	-8.12
24.84	86.5	58.57
93.05	-30.92	-3.94
-82.47	55.41	24.48
65.46	58.69	-29.7
1.15	97.45	97.66
-4.36	-39.8	-18.09
76.3	97.96	-58.07
-21.85	64.72	10.22
75.13	49.69	26.74
72.69	-6.21	60.55
60.21	95.18	-95.06
22.59	-60.33	15.14
-98.29	-1.35	-68.82
67.49	65.27	-18.25
90.09	24.39	52.56
53.72	-3.16	34.34
-46.22	18.52	-64.76
-74.83	-96.73	-21.65
-1.19	-98.86	35.27
-52.17	39.16	-43.94
-63.53	-33.03	-53.41
-36.22	0.59	-1.0
-62.65	-26.87	51.48
60.14	26.71	81.14
49.39	-0.41	-12.33
11.31	-97.51	-62.75
-39.9	-65.06	-1.88
-96.64	95.38	92.9
14.36	-72.63	-62.91
-62.12	49.14	-6.14
-92.33	3.22	-73.02
45.3	60.34	-50.27
-87.42	17.19	-63.54
-25.32	63.94	55.0
-47.4	84.85	59.12
92.93	1.07	12.94
-60.96	77.07	-93.17
-98.75	-1.13	-11.02
-12.8	16.66	-79.54
-51.73	12.36	-35.17
92.01	55.74	72.14
31.83	0.74	-42.27
60.01	84.3	25.88
14.26	-77.9	8.14
-62.42	25.94	14.49
28.84	59.32	-52.44
73.81	7.75	30.76
-19.55	8.36	35.49
-16.01	-35.9	-86.96
-59.43	42.98	-35.79
52.53	48.68	86.73
-93.35	61.75	-61.97
-79.03	-54.75	81.67
-40.07	68.77	-1.08
-50.93	21.78	33.41
-94.95	98.59	-90.25
-0.37	71.51	-35.79
30.96	-58.96	79.93
-58.06	64.55	-33.98
13.38	-68.62	44.39
8.14	91.4	-28.51
67.91	28.76	56.38
67.14	-92.28	-3.45
29.95	-20.76	8.03
89.34	66.45	-68.78
-3.94	19.31	-24.53
94.43	-68.55	78.89
-80.06	-77.79	-41.9
-16.55	60.44	84.87
-36.01	-52.5	-12.46
-93.32	74.66	-1.09
-88.88	92.07	-93.06
66.01	91.22	26.42
93.44	-24.16	36.03
-92.96	-69.11	38.44
7.95	-21.31	-15.4
11.43	74.81	0.03
-72.37	88.28	-28.77
-83.92	-49.56	69.61
0.32	16.63	-96.66
60.69	81.02	56.38
45.83	31.2	-13.16
-10.18	-19.57	17.25
-19.63	51.3	86.02
62.48	39.58	11.24
11.33	62.07	-1.4
-4.84	44.43	-42.78
-67.84	-100.0	-68.15
45.22	2.41	-41.78
73.6	16.64	24.86
62.32	-10.8	-32.04
97.32	-9.63	58.99
-76.7	49.82	37.35
85.04	70.62	-34.36
-27.69	-18.99	-73.77
-88.52	51.21	77.88
72.71	15.41	15.07
72.32	97.34	70.9
-74.57	-11.21	-6.28
51.56	75.1	-14.46
93.26	95.35	-70.83
37.21	-92.7	-93.11
-14.33	97.78	-47.66
22.45	-16.71	32.28
76.16	-14.3	76.02
6.29	91.64	63.17
-19.7	55.11	35.7
26.44	-84.27	-42.04
-58.58	0.34	43.73
-22.35	65.78	95.83
21.38	-12.11	-44.8
52.08	0.52	-27.66
-16.63	-5.54	96.72
51.16	25.22	-63.59
41.55	-83.9	53.67
-95.92	40.22	6.75
20.54	83.59	20.89
61.33	71.36	75.92
74.06	49.28	8.08
-99.75	-95.4	-42.11
38.16	-65.74	30.81
36.12	94.78	-95.6
-39.31	91.32	52.77
3.49	-61.95	29.43
63.13	-72.25	-46.73
96.78	-82.68	76.99
-0.48	-96.13	37.93
39.97	-62.37	-43.6
3.52	-55.82	2.3
-58.76	11.93	75.06
-18.57	-37.0	-16.83
-42.71	24.53	72.31
-49.48	-81.92	-82.14
8.9	48.31	9.23
13.37	-39.62	96.31
95.63	57.04	-15.82
-34.0	-33.98	19.8
-69.75	68.82	51.52
-39.16	-91.11	-38.63
18.75	12.55	31.87
-57.59	-5.36	-50.58
-22.57	-56.47	-86.64
7.91	-17.2	23.65
27.79	-28.34	-20.04
44.57	37.72	-90.02
-61.53	-73.15	-10.73
18.81	-49.89	43.47
-26.47	-78.49	2.92
39.4	35.28	64.23
65.39	84.87	-7.11
-43.73	-0.49	-34.11
39.79	-78.13	-2.82
57.94	79.03	-25.05
91.58	-49.71	-31.33
-43.23	-3.38	-24.24
-98.27	99.39	85.21
69.26	82.61	18.35
-3.9	61.54	-49.53
45.1	0.89	-2.49
73.28	19.89	71.89
12.92	-77.57	0.06
-7.32	98.81	77.69
-68.24	-5.47	-4.02
14.05	-75.7	87.3
79.18	32.69	2.9
62.42	12.83	-21.74
-78.02	-77.44	90.47
37.4	-33.18	23.46
55.92	75.39	-39.84
-79.76	-22.93	6.56
-22.5	68.8	-62.55
-63.93	89.61	60.07
21.23	9.93	23.2
-12.36	95.41	-81.36
-53.54	-25.83	-60.53
-54.75	-34.78	-90.01
71.83	55.16	79.04
-48.28	-77.15	-56.1
-51.99	-86.72	43.9
-83.92	54.16	41.99
7.12	23.63	-59.24
39.78	-67.86	46.59
-76.82	90.72	40.52
-70.8	-12.12	71.55
-51.96	49.84	21.06
86.97	36.43	57.66
20.75	9.73	53.77
64.96	26.61	32.23
-97.85	-11.88	-29.84
-21.53	-50.85	44.32
63.22	3.29	58.51
14.61	76.46	42.29
-23.55	-0.01	-95.47
-96.78	-26.03	37.74
52.23	0.06	64.57
-98.61	14.79	91.25
-56.95	45.67	-90.88
79.53	42.39	-68.12
-42.48	-95.09	-23.36
-5.12	-51.83	14.63
-81.8	51.04	20.13
91.83	-62.8	68.72
-87.62	52.8	4.77
-38.38	-83.77	-49.82
17.46	34.81	-23.84
-67.02	-63.19	37.49
69.22	-48.39	10.17
58.99	-93.05	41.16
-53.28	2.16	36.57
68.11	-57.78	44.43
87.53	-84.14	24.19
-33.82	96.3	-62.91
-19.08	32.47	90.17
55.92	-22.37	12.34
14.04	59.12	89.88
-81.63	50.36	-15.44
85.89	-10.54	-4.13
57.22	67.67	-30.8
-57.07	-6.75	15.26
-39.76	3.24	-64.98
70.83	88.77	59.52
28.2	-19.92	19.03
-90.65	97.45	3.93
-74.64	9.47	-3.53
-29.88	35.82	-36.42
57.26	-26.73	93.91
-27.86	-66.31	-95.4
-86.74	-62.42	82.32
23.09	-37.96	-67.15
14.07	93.48	72.54
-99.43	83.14	-74.5
-51.44	-72.37	-63.73
-13.46	-53.67	-74.95
59.4	35.13	79.56
36.42	-45.62	-42.52
81.48	-66.87	-64.2
-7.67	98.27	-91.25
96.67	33.36	-27.59
-95.41	-24.86	70.01
7.12	-59.82	81.37
-8.78	23.26	-3.7
-7.8	4.21	-43.72
97.82	0.06	49.37
-1.45	-23.54	-50.68
-55.39	6.88	68.26
31.24	84.02	-69.05
-9.58	26.48	-87.47
79.1	90.31	41.04
73.76	81.7	-86.87
-22.82	54.14	70.95
-79.96	-17.63	-62.94
-88.91	-56.62	21.8
-59.17	-49.78	-58.77
-6.14	-92.08	2.5
-14.33	-43.66	-52.34
54.55	-69.73	-68.63
61.52	-55.04	67.82
30.97	-95.16	-31.06
81.8	14.11	-53.69
-33.96	-79.26	5.05
-99.45	-8.21	-90.75
-28.83	-29.3	-9.87
-61.54	41.94	-45.03
18.35	48.7	-43.79
-14.04	-41.24	67.29
25.75	-19.61	45.85
-35.53	-87.75	88.6
-69.26	-86.61	25.1
-41.6	35.75	-81.44
6.55	-51.0	51.96
-54.39	45.57	-65.92
33.3	78.67	-28.41
85.83	69.5	41.38
14.06	48.94	-51.58
98.39	94.81	86.67
-79.29	-5.25	3.14
-48.38	-74.74	97.9
73.94	-97.45	99.62
-83.95	69.69	88.57
11.05	-66.4	10.79
-25.95	89.38	-97.5
34.29	-87.14	38.32
19.79	-70.03	-27.96
43.5	-71.17	34.95
41.08	-94.66	-91.0
34.29	69.8	-72.88
-31.16	72.15	34.01
31.27	-95.45	77.58
30.18	89.66	60.32
-99.83	-81.33	93.36
14.28	80.91	25.22
12.96	-11.54	-87.18
-89.43	-70.03	67.64
-39.41	30.96	-62.66
-57.28	-18.25	95.43
96.14	-0.07	-20.87
-73.35	61.89	-12.33
9.17	13.53	96.57
-82.08	77.23	-33.52
-41.48	72.4	-7.79
51.03	79.29	-37.9
76.87	-35.68	-28.53
0.08	-57.18	11.28
27.91	34.8	51.15
-67.09	-68.55	36.83
99.47	69.3	-27.4
-69.14	-39.84	-72.59
-8.22	-63.92	72.78
89.88	-92.52	25.77
79.08	-88.42	-28.41
-76.35	-13.69	5.36
-87.42	93.79	30.29
39.65	-52.02	-59.17
-72.96	65.74	44.97
13.99	56.28	9.6
-23.38	-2.1	-62.04
90.24	25.25	27.47
-34.27	29.93	-12.18
-20.34	-33.75	4.76
94.81	20.68	47.06
-13.37	37.72	-16.23
-65.81	10.35	-62.89
92.09	85.45	-39.44
-58.23	64.48	-53.41
14.84	-17.08	-42.47
-1.05	89.61	55.14
56.16	17.55	90.19
8.0	61.33	-17.56
-77.43	72.28	-66.5
69.27	-86.88	-81.73
-27.37	-21.16	-41.37
87.48	38.52	-1.31
-21.83	-97.51	88.48
82.12	-8.8	-31.3
-23.62	88.59	-40.48
11.67	-60.97	52.04
-4.7	38.73	65.1
-92.28	-88.39	-11.83
-53.46	-93.05	94.96
-45.88	87.57	-37.32
-41.17	-69.76	-80.06
-93.09	-56.42	70.72
-79.99	-40.06	-30.47
47.76	-47.86	6.35
75.07	57.98	97.75
-53.25	-47.08	-78.84
-47.26	47.24	11.78
-93.58	-55.03	-86.37
-62.66	-50.21	71.61
-6.3	-62.79	-73.34
63.28	44.47	-95.2
88.13	34.94	48.58
-42.62	25.37	13.77
-94.39	-86.23	59.92
-31.73	-9.03	-21.66
-95.74	52.42	-13.65
-67.69	85.15	-25.02
2.24	16.93	71.76
-96.66	-43.74	57.49
-80.44	82.97	-8.72
73.06	81.15	37.05
39.82	-73.57	-85.66
91.44	-23.89	82.23
-45.21	46.34	-22.35
-37.12	9.9	-20.79
-79.04	3.93	64.39
90.89	88.89	69.29
-87.69	-15.49	41.76
-54.1	-9.63	65.88
95.0	-79.15	32.95
-12.19	-46.7	-93.13
65.93	-6.64	22.53
-52.48	1.62	30.04
29.38	78.8	47.6
91.04	-59.4	-80.72
24.31	-89.28	81.92
-64.77	-72.03	-7.47
81.06	-52.24	23.91
-18.76	88.25	87.11
-40.1	35.37	60.78
12.8	-41.54	30.84
90.54	89.29	52.09
28.05	97.2	-46.95
-24.78	-3.49	47.26
13.43	-69.74	17.22
-72.61	-90.22	-80.02
82.68	28.72	80.51
69.22	-53.28	-66.84
-87.71	21.75	-14.39
12.73	-41.07	2.57
26.55	79.25	-48.69
-2.23	-93.6	-68.06
37.81	38.82	65.81
-55.11	-18.18	51.97
-71.27	7.79	-85.11
42.13	67.35	-85.44
-27.31	-89.09	-29.53
33.16	-68.73	81.78
46.97	44.42	49.81
-13.93	-57.87	47.49
-83.85	-26.43	-63.59
65.55	22.54	7.54
11.48	-30.37	58.99
-36.45	-62.74	-30.34
-9.12	57.51	60.62
6.41	-81.71	-10.86
-92.16	86.34	-97.16
-22.82	-79.52	22.69
-80.93	-94.98	-19.84
-31.98	-60.6	95.9
-60.47	25.21	-46.2
-25.51	-7.45	-88.99
23.49	9.52	80.65
18.3	-3.59	0.02
81.82	36.69	-96.28
-76.85	28.09	-95.87
63.24	15.19	-97.59
-58.9	-6.56	33.79
-32.34	-9.14	-55.17
67.85	-83.66	87.17
78.85	72.69	-84.78
38.04	62.27	11.42
-15.49	-39.13	43.79
11.43	-30.11	4.56
-82.11	41.17	-41.78
-26.46	12.7	-30.65
-47.03	-57.05	-66.68
89.17	-17.13	19.78
67.62	-92.92	-30.94
-55.61	-91.62	41.63
-66.84	-93.54	-62.51
34.77	57.6	-45.77
-90.68	7.07	-5.21
18.98	-59.83	-59.14
-82.49	-86.18	-72.46
-17.27	42.54	47.14
26.56	-88.16	78.04
-57.0	-71.64	-23.58
-82.66	53.03	98.86
2.91	92.75	83.79
70.99	-51.12	39.55
-38.97	61.84	79.46
44.93	-95.52	59.63
89.05	43.03	-85.23
70.01	-0.12	15.73
-75.68	54.41	25.05
5.1	24.31	-56.66
84.84	43.95	25.45
-63.99	94.61	-10.43
-94.82	62.44	-73.68
-27.06	-56.08	-34.16
89.93	-13.52	-59.52
-56.81	97.36	-2.22
-86.37	74.06	21.62
-51.43	55.34	-39.88
-12.97	-42.69	93.65
88.05	99.62	23.5
-37.37	32.28	-72.12
-49.16	75.19	-10.63
-30.87	-22.75	26.51
-43.3	83.45	-33.64
59.22	-47.18	7.96
17.36	94.43	77.59
-47.0	88.02	29.45
26.0	64.28	-28.05
54.82	81.24	54.4
10.88	-38.28	-22.56
-12.74	91.82	-65.88
60.44	80.57	-7.7
-80.87	-58.68	53.69
88.96	81.73	55.89
-91.14	83.7	46.94
94.28	37.04	13.0
-39.45	94.63	87.09
-84.32	-21.56	-4.81
-69.93	-90.77	66.23
89.82	57.39	99.44
-95.9	-52.63	63.26
46.82	78.21	-10.58
-89.98	-40.2	-56.95
-27.64	58.69	97.71
22.84	-68.88	34.92
86.93	56.78	83.71
23.14	-0.21	79.28
54.78	-57.24	-50.53
-77.9	-68.59	86.04
-98.89	-46.31	55.91
-64.63	7.18	62.7
42.3	57.95	-75.32
64.63	98.42	97.35
90.42	-60.67	-77.19
7.36	76.83	26.59
60.0	-35.79	10.6
86.67	16.57	-22.26
-18.81	-3.79	-68.4
-62.54	-30.99	-21.12
-1.17	3.53	97.45
99.07	-74.86	-73.41
44.23	-52.93	-79.76
-88.11	49.04	67.38
-9.03	-27.15	25.03
-18.82	-74.81	70.88
-45.27	-80.64	81.91
50.71	-70.61	56.26
71.94	-90.31	4.35
-81.95	-14.48	61.71
84.71	-66.9	27.24
37.1	6.57	53.15
10.73	-83.17	1.18
59.84	1.17	-47.95
-46.0	71.23	-40.32
45.34	-17.78	-46.35
98.19	26.45	-72.24
-58.02	16.08	-95.36
-56.35	88.06	98.19
-55.78	-58.67	68.01
-25.36	94.68	66.67
-62.72	17.92	-1.84
62.89	-37.28	-10.71
48.83	72.87	-3.06
-59.92	63.87	57.5
-26.64	-55.43	53.42
44.35	21.12	-40.34
80.04	24.57	-92.4
-75.53	31.65	36.01
92.67	-22.22	-71.21
-54.67	87.24	99.47
13.07	-45.87	-70.62
-31.32	-46.25	47.07
-51.12	-7.03	6.91
-90.82	-23.13	33.97
-94.95	44.95	84.4
-0.88	37.28	-25.68
-25.48	-28.44	99.6
-67.99	-55.82	-60.15
-30.32	61.7	-86.95
-34.21	9.95	-21.57
98.72	82.76	-77.53
-87.85	-63.73	-8.27
-51.21	63.04	98.69
-16.5	10.42	49.62
-8.08	-75.38	57.93
-84.9	-98.19	-38.37
14.78	-71.73	45.53
-49.85	18.74	7.51
-18.81	-60.86	-87.99
-30.97	-65.91	-52.88
-99.63	71.92	-11.9
64.79	-38.78	-19.01
-87.48	-70.38	-17.38
-25.83	55.31	-43.9
-91.29	3.93	-97.12
15.12	-86.18	3.06
25.4	-99.03	3.51
23.98	83.14	90.01
65.26	-65.84	72.54
29.09	2.51	-9.37
-73.66	96.91	56.83
34.64	-38.15	10.02
3.26	39.24	29.7
30.67	-48.51	10.47
-36.32	99.17	-24.83
-90.62	-14.89	-34.74
-40.28	-79.16	-70.47
34.2	-92.12	82.23
74.03	-97.03	-0.37
-65.57	99.5	-34.55
-65.31	-53.03	2.12
92.65	42.94	-17.64
-88.53	-2.5	72.16
-0.04	54.34	-60.64
-54.84	75.89	16.73
54.82	19.68	22.57
28.73	12.06	-52.25
-45.24	-68.35	-61.81
-33.7	-95.56	-34.07
44.61	-20.95	-80.43
-45.92	-5.93	-42.41
-86.77	24.42	-7.2
-71.36	23.16	-45.23
77.56	-20.05	28.9
-21.11	-44.1	-96.57
-23.62	66.75	30.92
82.05	-66.03	28.55
26.24	-4.51	17.62
-61.22	-63.53	63.11
-41.15	58.02	-51.13
73.82	-59.42	16.81
-89.22	73.06	53.92
-4.77	18.7	-46.41
-51.79	-49.95	73.33
96.19	50.33	3.24
-10.48	83.65	18.74
13.96	-88.52	15.07
55.42	-14.74	-9.6
-24.8	-31.61	71.28
-55.84	-72.49	-64.91
-72.65	-76.96	85.09
5.24	-60.64	-55.4
-57.78	12.16	-51.74
-97.33	10.2	16.81
22.51	-91.65	-66.32
-41.73	18.09	72.65
20.29	-6.46	-3.15
0.1	-72.15	-90.36
70.98	77.46	-7.06
7.45	54.47	-56.76
97.58	-11.57	70.8
-59.01	-31.59	47.31
94.96	86.34	-78.72
23.49	79.0	-2.24
-24.14	-94.48	25.19
-67.89	66.08	-61.52
57.47	-68.73	94.08
-91.27	-14.46	55.18
-49.15	-74.57	76.57
54.13	-21.29	59.36
-67.76	-39.26	50.15
66.19	-12.4	48.73
91.55	84.15	-40.01
-80.99	-7.37	-3.31
-74.66	-23.3	17.64
84.27	-24.13	-58.04
85.31	-11.94	-94.8
-69.4	-95.99	-61.05
13.47	-80.75	64.39
66.81	-23.26	-64.48
-88.79	-45.47	-26.08
-99.44	39.4	20.34
2.61	-58.22	59.09
99.52	-21.32	-71.07
94.25	33.78	42.88
5.51	34.31	65.5
-60.28	-5.85	-69.65
-63.43	8.41	0.61
49.5	73.73	-67.57
47.97	42.84	86.45
-41.86	6.29	-10.54
83.78	-31.02	-81.64
-17.98	72.48	30.31
13.04	-8.44	-30.84
10.35	-42.43	-3.64
12.98	-67.23	-78.7
-10.19	13.79	77.63
34.57	88.57	-3.07
27.94	-27.54	-14.07
58.69	-32.25	87.36
-4.35	32.54	98.9
90.57	12.44	-16.45
-39.48	-79.05	-22.74
48.93	-76.24	-20.08
25.07	43.24	-94.55
25.94	68.85	-94.25
72.11	-51.33	-74.92
93.92	72.81	-90.0
48.86	3.75	-79.52
-77.74	89.79	55.53
-56.79	2.62	14.85
93.86	-74.44	65.4
-49.13	-18.48	66.84
95.22	15.63	-46.88
-7.5	80.66	10.22
-62.72	56.64	-68.5
-75.27	-31.62	-10.87
33.62	-51.78	77.73
74.29	81.45	-66.06
97.24	42.35	63.08
37.61	70.65	-95.95
-39.77	82.04	-69.9
61.18	32.44	75.11
95.8	88.96	-87.46
83.46	20.35	-42.6
17.29	96.2	22.71
76.28	42.96	-11.55
-2.51	-10.74	-93.98
-71.4	85.84	-28.45
-26.67	90.09	-87.47
-48.52	67.97	89.22
5.83	5.59	45.32
-87.34	33.08	-54.24
62.93	-56.58	71.97
-55.38	-2.6	-9.32
77.22	67.3	71.5
85.05	30.35	-62.35
91.66	-98.03	11.54
-76.05	38.95	32.52
38.38	-46.14	-4.91
7.76	-62.59	59.55
-34.34	-58.75	-78.13
-91.02	93.39	-49.16
-81.71	-17.59	14.43
-21.88	81.25	23.29
90.97	84.36	38.38
45.59	-72.41	33.94
-28.87	32.63	-57.54
-16.35	93.64	-28.45
-35.81	-56.22	-20.52
37.68	-12.92	0.13
-84.03	50.36	-22.62
7.98	-57.1	15.46
-93.31	-19.22	84.59
55.31	-48.88	39.34
-33.71	-32.84	10.08
6.92	50.57	69.88
10.95	16.69	-61.22
-64.43	77.81	-92.79
-74.47	24.46	-41.87
-27.27	-39.0	23.66
57.21	48.82	50.27
-50.81	67.0	-18.49
50.03	-49.65	8.09
-71.38	-67.62	-60.72
52.37	-64.36	-66.85
35.53	94.72	-37.9
-35.76	-97.3	60.3
28.65	-92.53	-27.81
-77.19	-29.45	-13.49
-33.1	-6.0	-84.82
26.94	36.09	-92.71
91.97	-94.17	72.98
49.15	-19.64	61.53
1.04	-83.05	-89.1
-40.95	75.16	28.81
-8.53	92.95	3.61
-47.9	17.62	-52.7
57.28	62.49	-11.94
9.58	16.08	-54.72
-9.25	-93.36	-48.78
-15.93	-88.53	31.38
-18.93	8.06	-39.22
-82.76	71.65	56.67
-68.38	-73.35	97.71
42.17	-80.39	-16.76
28.6	55.87	-4.42
-53.14	62.49	15.71
-55.87	-69.86	-1.96
-44.4	-66.53	65.06
16.68	94.7	38.16
66.07	79.58	-73.71
14.08	-41.93	34.94
50.53	2.35	57.28
42.52	-72.54	85.86
-93.73	-12.18	22.22
-13.98	49.48	-70.19
87.0	84.99	-36.72
77.76	-28.72	59.47
-87.92	-31.94	25.14
24.46	-44.81	-89.89
37.55	84.45	91.6
47.07	69.41	70.48
82.24	44.7	-40.13
69.22	57.94	83.86
-42.53	-3.79	75.09
-31.71	44.55	82.39
22.96	55.79	34.16
5.26	96.63	-47.65
79.32	84.35	-61.11
12.7	54.58	56.03
68.7	16.07	96.92
66.89	32.46	51.72
89.4	83.07	-74.63
15.28	-33.39	-39.0
3.67	-87.82	-55.86
40.58	-74.94	-13.03
-41.9	-73.28	42.18
-66.69	98.17	-5.58
13.77	59.94	34.14
2.87	77.4	-52.89
56.15	-4.26	-39.99
-55.27	-8.28	59.31
-47.04	96.54	-55.56
14.04	-72.88	42.78
-29.92	-21.48	-77.01
-66.84	-46.46	33.63
-25.86	-90.68	52.44
-85.54	12.83	-81.02
-47.53	-28.41	-50.59
73.71	-58.25	52.76
-95.02	-37.83	-16.97
-88.01	0.24	85.02
-28.85	75.61	31.1
14.29	-37.43	-14.02
93.25	-73.14	-2.68
39.78	16.04	96.41
-47.32	-30.54	-63.31
52.62	27.78	92.69
-84.0	-97.61	-65.04
-35.62	-14.31	-42.41
43.47	-96.65	33.2
37.84	20.62	82.6
44.49	-5.8	22.28
-38.09	-37.86	54.82
97.36	-64.56	16.1
-90.7	49.17	46.04
-41.69	-60.23	-81.17
3.42	-27.45	18.78
64.02	-77.91	90.34
0.07	5.29	-76.07
81.24	-97.31	-83.55
-98.65	5.51	-28.18
-47.59	-73.98	41.88
-26.61	-78.12	-11.77
67.77	11.82	-97.75
-7.02	-17.19	-7.71
67.59	48.41	99.91
-67.83	-76.83	-29.3
36.83	59.97	-27.66
-49.82	-12.77	-90.34
-44.19	-89.66	-84.74
76.31	64.21	67.4
-40.23	99.33	-5.75
36.27	8.71	-38.35
6.07	-81.68	-23.47
31.53	-63.47	97.85
74.55	-27.7	89.18
61.07	50.34	-73.52
8.07	-75.79	26.8
22.72	1.91	93.69
21.94	-14.6	35.78
-32.56	11.76	-5.63
55.04	49.29	-72.61
14.74	1.53	-11.41
43.95	52.77	15.87
83.93	9.28	-97.15
96.37	1.41	73.99
91.19	74.18	49.35
86.75	15.17	-47.75
-30.54	-22.57	55.66
-80.79	-98.61	-90.35
-2.42	88.7	-16.77
-87.02	-6.05	25.85
92.23	-60.75	8.92
81.96	36.97	26.84
-53.66	24.45	-47.82
-0.04	4.62	-29.49
22.16	51.65	-58.81
53.72	49.61	79.5
24.14	-76.54	5.13
-82.4	-83.41	-34.47
58.85	29.71	-92.85
50.79	16.31	59.31
-5.98	34.55	-25.14
35.73	15.0	59.67
-71.45	-2.11	-19.92
-41.88	-62.49	-89.51
-4.31	78.0	47.32
-46.25	-90.64	89.83
39.35	42.41	-5.25
-43.83	-50.82	86.09
-59.9	-67.99	-43.44
-61.32	90.17	93.06
58.47	-32.67	35.39
64.04	30.12	-97.88
-37.94	-89.33	75.53
51.64	-91.37	18.06
3.49	-80.17	-69.79
-92.93	-45.65	62.63
-49.96	98.11	-16.65
62.79	-64.69	-0.93
45.57	38.05	-45.39
-31.19	-63.5	-16.73
42.92	99.31	-91.73
-74.53	-38.62	15.71
-70.69	-87.53	23.16
89.88	51.64	49.5
-40.8	-0.08	23.68
80.75	-42.43	-72.52
91.61	-1.78	-22.19
83.66	48.69	-48.43
-67.2	-68.54	40.31
-86.3	48.96	91.56
63.69	75.35	-42.94
-45.23	35.22	6.41
91.93	86.74	36.15
-84.68	-30.08	3.76
-18.25	11.3	13.38
-88.46	25.56	-85.58
-7.8	61.7	27.34
-51.37	-13.13	-95.45
-14.55	-90.49	50.56
-98.89	-83.57	-57.87
-41.69	4.49	-97.33
70.84	-86.04	5.18
-89.14	-73.19	87.94
-0.69	-34.75	17.89
84.98	19.66	19.48
-32.65	-90.11	39.03
4.42	0.03	-52.52
41.53	-47.99	94.35
42.85	-32.52	-17.46
-16.12	-68.81	-73.81
58.29	-89.82	-50.23
26.07	35.41	16.3
-11.75	-55.89	15.41
10.29	-39.87	-95.34
-4.31	44.4	-79.47
49.75	-72.5	-78.12
16.33	-65.68	-85.39
-33.96	-34.81	12.68
90.57	22.07	58.73
-80.46	-72.21	-24.12
17.71	15.78	-1.41
-37.52	-87.88	32.44
37.92	42.97	-42.6
-58.54	-48.5	-38.43
8.93	35.89	-63.04
-18.95	25.97	-19.41
22.96	-65.64	-4.49
-97.85	-16.95	-2.89
-83.53	63.69	43.8
-21.36	-62.65	62.76
81.37	26.77	34.24
-26.32	-16.05	50.36
-28.9	-36.18	84.1
-97.15	0.95	7.96
-87.91	-64.82	96.33
0.15	4.73	61.72
47.88	-18.13	70.31
44.23	-95.13	-63.83
-82.51	-74.25	31.37
76.96	2.15	-33.62
92.84	-40.26	-27.85
96.99	24.73	-24.18
19.19	-89.06	73.75
51.88	-26.38	88.22
-26.3	-90.82	2.07
-73.7	37.62	-50.03
91.44	38.6	-15.03
-84.62	85.69	24.64
-8.87	50.46	-52.27
-0.32	41.72	-53.16
-87.13	-83.98	97.94
-47.58	-56.21	34.87
-80.16	-70.6	23.69
-47.04	-71.61	-69.72
-18.84	-4.31	92.02
-13.8	-92.32	-80.46
-86.14	65.2	-70.28
60.2	-83.04	30.97
20.21	-62.24	51.16
34.12	-77.72	-45.3
52.8	3.94	-20.3
9.66	50.52	32.45
-15.35	-36.48	0.12
-3.81	23.74	47.64
-76.23	7.58	-37.1
75.73	86.31	78.91
87.59	-80.49	-73.65
-17.0	-82.98	57.2
55.46	-35.01	-70.78
70.3	47.15	19.15
2.94	-63.01	52.47
69.03	-9.43	-30.53
33.37	-90.73	67.23
-94.32	-90.86	50.35
9.87	93.49	73.45
36.59	28.7	40.23
44.29	-68.21	60.0
-8.26	74.72	-57.22
-94.45	27.96	-57.96
-87.5	37.62	-10.87
-85.9	32.76	9.17
80.86	-24.49	-45.24
-23.79	12.24	-10.91
-7.37	-83.87	61.81
7.3	55.51	-33.38
-70.52	-66.19	-55.53
98.23	38.08	2.62
-95.86	-90.19	3.87
-43.61	-11.83	-26.12
-3.0	-48.58	5.03
5.85	-28.31	-82.95
-82.91	48.9	-10.23
-20.19	-22.35	19.7
74.71	49.35	-0.41
56.89	-67.01	99.85
1.67	-84.03	-32.5
-73.57	63.37	44.97
-40.23	-26.34	21.73
-58.7	17.75	18.83
40.85	79.99	49.45
57.08	-33.45	19.79
87.22	-46.51	42.02
43.81	41.7	-57.49
-99.38	-10.43	-14.11
23.55	-71.78	-32.28
65.06	19.77	49.77
65.63	-53.84	-76.57
32.3	-13.44	-20.09
94.12	-14.77	-72.36
-13.55	-62.24	-83.0
-78.72	-59.17	79.25
-85.82	-62.2	-8.02
-20.08	-94.18	75.38
92.41	57.13	-61.34
-75.79	9.48	-53.71
75.88	71.65	78.81
-75.62	81.3	59.92
9.26	-11.18	13.39
22.16	40.12	52.26
45.86	-42.93	-58.74
35.53	27.91	60.57
-21.56	22.86	88.04
-14.96	-60.85	-96.37
-60.84	-53.17	-45.55
-24.32	-54.57	-32.6
-55.25	-60.85	9.09
62.59	85.32	-73.47
-95.06	-43.73	-45.96
-83.01	57.25	-40.99
11.61	32.61	46.91
35.4	-15.54	78.86
95.25	50.96	-42.86
74.3	77.63	-32.64
-32.69	-2.53	-75.4
-25.94	-39.33	-98.15
61.05	38.22	65.75
35.9	-84.96	-29.37
-68.59	-4.78	7.04
12.21	23.26	-94.93
-36.77	-34.94	75.11
-52.22	-71.24	16.5
54.13	-52.94	-88.08
13.55	42.03	-94.76
41.61	9.3	-66.07
35.87	67.18	12.85
49.7	60.78	0.05
84.03	-25.53	96.53
-49.51	-11.79	59.83
30.27	-11.38	96.0
-28.9	19.37	88.35
-44.45	-36.72	-53.84
-45.34	19.07	-26.55
79.03	-29.37	50.16
30.9	-26.34	70.39
-37.12	27.14	-92.33
-49.43	-13.57	-89.92
63.55	-60.67	-26.86
-39.8	68.98	-67.78
-11.31	62.7	43.69
34.02	35.93	29.78
-40.79	-75.81	80.67
-17.23	-60.59	12.41
79.49	43.38	63.28
-63.29	-74.49	-87.35
88.67	-71.42	23.49
41.21	-30.75	-85.99
-42.96	-88.71	49.6
38.73	-34.94	-94.29
-21.15	-99.87	57.29
-61.66	84.64	4.99
85.87	37.0	-46.78
46.87	18.71	49.3
-53.0	-55.21	34.63
35.39	-48.79	68.81
28.29	-52.58	-73.7
22.49	-93.82	94.73
-96.22	13.69	-88.28
-7.48	53.44	61.11
80.45	41.06	99.03
-18.73	-15.55	35.88
-91.34	11.01	3.1
-65.69	58.86	-76.26
-36.94	-21.2	29.08
30.91	-22.61	9.52
46.31	-72.23	-40.53
-77.71	78.79	46.84
-86.01	69.16	95.65
-13.45	5.28	86.65
87.66	17.82	-65.08
76.66	-96.62	-72.97
-71.9	-12.45	-33.14
-44.68	53.46	-4.78
57.1	-1.2	76.52
-58.88	-26.21	11.87
87.16	55.85	-53.96
-16.61	-54.89	-52.18
51.92	4.03	-55.35
-40.6	-36.64	-18.23
-70.27	-35.2	86.3
-85.71	-60.14	12.14
73.54	96.38	-46.87
-9.2	-82.51	-85.23
73.68	-56.23	-18.7
33.92	-62.11	-13.8
62.81	83.66	-25.73
-45.89	-71.66	69.6
71.33	-16.53	-71.52
6.02	45.28	-55.35
-50.22	97.88	52.95
-86.57	-7.74	19.45
-7.24	77.64	77.53
64.51	76.32	-56.01
-23.6	-57.37	-51.53
-51.38	58.48	-64.18
66.92	-47.03	75.25
6.46	16.56	-88.11
-18.49	88.16	94.17
35.51	42.53	34.52
62.85	50.33	-99.65
53.71	-75.49	87.82
70.66	-64.38	-21.41
78.28	-85.52	-12.99
94.83	-24.76	82.77
-33.51	-27.27	2.23
28.24	21.71	29.98
-66.35	79.85	-0.77
-77.76	-20.74	87.11
80.12	8.08	-6.27
73.44	-95.5	-47.07
27.04	-1.85	-39.43
-30.77	82.91	-90.41
-14.5	-19.27	71.2
-39.1	33.29	-52.79
-35.26	-26.49	-25.0
22.75	-46.51	16.84
-54.04	69.36	22.42
-39.9	79.28	-85.17
37.46	82.81	38.31
-7.8	31.41	98.5
48.14	53.03	-1.61
-73.63	-36.93	-17.06
-34.57	-93.83	-93.06
-3.42	74.99	-26.58
-66.17	-52.83	73.95
28.95	-45.06	0.01
17.77	-29.97	16.38
19.14	-77.14	22.78
93.35	77.6	24.63
-72.18	19.64	45.3
-99.1	92.27	-72.37
-43.97	-19.07	-22.37
25.42	-53.33	5.09
63.59	2.48	-24.29
52.84	75.57	-70.58
-4.8	93.13	98.21
94.12	54.15	-26.31
-76.27	66.64	33.42
-22.88	-59.75	-63.53
-63.18	-32.81	-63.14
-53.04	96.42	-30.28
52.64	50.43	17.33
8.21	7.5	-26.6
62.3	69.01	-26.43
15.66	61.71	52.02
43.84	10.64	-6.64
50.44	50.29	71.82
6.87	-0.8	-71.13
-71.82	-55.96	42.4
-78.56	25.8	-26.03
47.86	46.96	-24.24
-66.78	-39.18	98.1
-53.68	-48.48	66.52
29.02	13.0	94.4
29.62	-52.48	74.91
70.46	-14.27	13.94
-42.35	-64.07	-63.5
26.09	86.45	0.21
45.36	87.66	-34.69
-22.92	-51.7	4.67
-87.15	-34.12	-13.5
-85.67	-61.0	56.31
-25.53	-10.04	-66.47
-11.75	62.23	64.13
-18.44	-38.41	-46.2
-2.02	5.15	-51.58
-22.52	-70.33	-37.39
-58.34	-13.6	-65.98
-9.34	43.92	18.68
14.66	-48.52	-62.43
5.28	-14.08	-58.82
87.59	87.73	-23.39
-62.16	-29.58	-54.14
-87.18	4.45	15.27
39.81	-44.77	43.75
92.35	41.65	22.22
93.06	85.58	-42.65
-91.11	61.95	-22.9
-75.84	-42.05	27.11
-26.36	-75.87	-66.91
37.63	-64.75	-32.92
-72.57	-29.24	15.73
-37.95	-26.63	35.24
-97.91	-32.33	-19.66
27.04	98.05	-69.06
-97.11	24.7	-91.39
22.29	-61.06	-52.38
-78.48	83.03	-46.84
3.98	75.22	-26.56
-56.78	34.99	-90.16
-63.46	-57.29	37.68
12.54	53.31	-41.59
31.4	-25.88	73.9
-49.19	-61.7	20.5
59.13	-91.08	90.63
63.13	46.55	-84.53
-88.4	-28.56	-20.8
77.81	-51.92	-49.48
-21.83	-63.29	-72.76
95.52	55.65	-57.22
-62.47	68.93	6.8
33.7	34.14	98.4
68.57	90.15	91.64
6.61	-0.43	90.41
-9.63	-60.62	-85.71
-38.55	56.34	-32.2
25.46	-35.23	45.75
0.16	-85.0	5.74
50.11	-84.24	-38.55
-67.26	69.35	22.58
30.04	-92.16	59.95
0.19	-45.48	-64.82
3.12	93.73	61.02
-20.96	-18.55	96.56
-5.36	-7.97	28.66
71.23	-75.72	50.21
-37.58	-7.76	-60.19
34.81	73.77	74.42
-55.05	44.03	-55.44
97.36	52.09	0.75
16.03	-63.97	-69.13
-25.88	-39.28	72.51
80.72	-93.81	33.53
88.0	-92.09	-10.72
47.26	-22.05	33.27
-89.83	-50.93	-2.45
70.69	-89.93	-22.96
-63.16	14.97	81.6
-79.59	-80.94	95.21
-98.59	-21.59	86.85
-80.44	41.78	-93.49
43.25	89.26	-78.54
45.09	10.11	-89.68
68.66	-38.4	66.96
39.96	-81.42	-63.63
-7.2	13.98	-32.92
-25.51	-46.21	-64.63
39.29	-21.2	89.31
-9.91	-36.95	38.38
30.4	42.99	45.69
-25.43	-89.95	-69.25
95.55	1.79	-46.17
86.49	-97.44	81.91
-49.78	-82.78	-81.69
-44.72	-7.96	0.11
20.33	24.42	-6.93
-13.29	-9.69	66.06
-54.84	-12.03	-23.86
41.42	-99.58	91.65
75.69	-46.37	93.82
-49.66	-86.49	-91.45
-77.67	93.07	66.49
-91.92	83.91	-82.36
86.36	-19.58	-17.98
10.0	43.16	77.25
-4.91	-57.42	18.79
23.71	69.54	2.21
16.19	17.83	-19.26
-59.91	16.89	-82.25
-13.72	-0.04	-54.75
-97.67	-78.74	94.6
44.7	95.71	50.96
-76.74	89.76	5.98
74.06	-83.54	-63.92
-60.64	-71.31	20.04
-7.67	-84.83	-91.19
6.02	7.32	-91.45
13.6	-62.81	14.92
40.47	-36.68	85.17
-53.86	96.72	29.71
-53.01	-62.38	-67.49
-47.12	19.77	-88.91
-28.88	27.33	-14.78
-2.54	17.84	97.92
22.24	-23.56	-99.43
-2.9	29.96	17.07
-76.92	-29.26	-34.84
-40.36	38.57	-92.38
68.05	-33.95	7.5
-69.22	27.88	-65.26
77.21	-91.46	-7.79
14.29	-47.01	98.04
-97.27	-72.1	75.01
87.78	16.87	-91.26
37.2	-5.44	-54.71
72.46	77.42	42.37
90.47	93.97	-3.99
-69.47	-19.23	-83.02
27.17	68.88	-8.53
4.93	21.03	-90.46
79.46	20.96	-7.06
45.2	-13.12	49.07
-40.36	-77.02	-72.2
95.11	-28.96	-10.61
-86.02	80.32	62.01
36.84	0.05	-0.72
-12.9	-96.65	65.74
-30.4	-41.21	33.99
-22.49	-15.7	39.25
-32.61	-6.66	14.2
34.29	86.29	88.21
39.99	-93.94	47.41
-9.22	6.75	37.7
-9.63	-2.97	-94.86
10.62	-3.85	84.76
57.45	-21.9	36.8
92.97	68.33	-81.94
-67.21	28.25	-96.71
-35.88	64.4	-30.1
87.45	83.72	-87.31
9.06	-70.1	-69.45
82.72	50.01	18.0
-11.21	-86.31	42.97
-24.14	53.17	39.58
76.74	33.63	-90.23
-11.15	15.09	-65.66
18.5	90.07	-41.85
0.38	-45.25	97.47
-88.08	78.91	63.69
-46.56	43.7	-52.34
-92.21	20.6	-78.19
-20.44	-10.55	3.84
-65.1	-25.85	74.98
45.24	-74.59	-6.65
-14.97	69.72	74.39
-18.25	-83.34	98.15
-74.77	-21.8	77.83
53.63	26.58	84.11
31.71	-31.73	4.56
-65.47	-35.04	0.29
-76.9	43.33	-92.71
-29.42	-35.08	-84.94
-78.61	49.97	-83.33
-0.47	-53.21	-38.26
-66.31	-69.37	-41.74
-3.34	97.75	28.23
96.83	41.24	11.41
-83.95	-85.88	-33.25
-68.66	-96.26	94.62
-30.46	87.28	70.51
-16.71	67.92	-9.78
-62.46	-21.31	80.13
2.5	88.81	-88.43
-14.6	81.09	-63.85
-43.27	60.63	-20.97
50.1	-96.43	-13.85
68.9	-10.15	-77.92
33.75	-77.44	46.83
75.42	-25.62	31.25
40.06	-56.22	5.78
-24.15	36.99	56.85
-72.9	-47.09	4.94
-39.57	78.85	98.98
-12.03	-53.86	15.75
-10.44	-42.67	78.72
-60.39	-28.23	81.81
-84.66	-34.02	73.76
39.55	76.91	-29.24
47.17	54.92	79.71
8.49	-76.9	-61.65
-4.39	-71.52	64.7
25.58	-8.76	52.3
33.42	-51.48	-32.71
-89.71	-81.48	15.9
87.26	30.51	-33.52
29.88	-68.1	-83.57
-66.35	55.98	53.39
96.76	-14.72	-52.81
5.0	-34.24	7.58
-22.95	90.76	-70.23
85.27	-97.86	-96.0
-97.63	-98.68	82.04
-71.62	-44.07	64.48
71.03	89.8	27.19
-87.33	-2.0	93.07
16.47	33.43	-74.84
31.09	7.46	-36.62
-96.91	-31.46	-15.59
-36.88	61.37	44.24
-72.14	-65.01	95.75
-32.72	13.45	-42.06
3.79	62.07	23.36
80.83	82.08	-73.14
50.0	-56.86	1.45
10.22	68.62	93.89
77.73	64.03	56.01
35.92	97.35	-98.59
-67.76	-95.3	-35.35
50.11	-18.08	-63.52
1.44	-6.06	-62.33
48.5	16.97	-92.77
40.47	-30.46	32.32
8.48	30.65	40.55
64.8	98.93	-95.07
-59.67	10.19	24.3
52.84	-4.26	11.2
79.43	-98.16	8.83
2.05	-22.21	-97.71
70.33	-76.45	5.22
-72.92	75.07	75.65
5.28	-29.6	64.33
-82.31	-87.9	-57.09
74.58	45.8	84.22
59.4	96.98	-61.63
-49.22	-91.1	48.9
-96.93	50.69	-83.39
0.34	32.45	79.02
51.41	-26.91	71.62
-1.38	-58.25	76.38
93.4	44.53	-45.93
82.49	13.59	-56.47
86.0	-90.6	-7.97
-63.85	-32.33	18.81
82.98	-71.76	9.13
-81.07	42.21	61.5
21.43	75.61	-1.11
19.38	55.69	70.14
-34.54	24.61	-3.74
14.56	37.24	-97.92
13.13	-5.87	-88.42
-23.88	-94.79	29.54
80.19	-67.43	-77.64
37.07	73.12	69.59
48.28	-99.94	-10.24
-58.01	-33.44	-13.21
-23.65	10.32	-60.22
-32.33	16.58	-22.07
71.14	63.6	48.01
-84.33	-13.36	-44.05
-88.58	66.3	-27.91
-6.16	5.56	39.88
-72.89	61.6	92.07
-0.69	-95.54	74.94
-64.99	-47.86	-71.24
74.29	-66.5	57.32
-21.39	-92.65	-77.59
-74.05	0.51	-91.46
-91.39	31.96	25.68
-63.88	78.83	-83.72
26.06	-16.02	-95.32
10.3	-70.5	-29.31
54.65	-14.99	89.39
47.15	79.21	-77.24
61.93	-60.32	-84.78
71.71	39.99	29.42
78.02	32.77	-17.25
27.83	-65.05	84.33
-12.66	30.85	74.78
-18.47	-46.14	-81.93
-50.91	72.01	95.54
-66.8	-27.09	-85.54
44.87	46.28	34.76
-18.3	-0.75	-21.27
-42.0	12.87	-70.13
76.13	26.94	-4.96
-7.09	-66.2	79.79
-73.55	62.24	72.41
-61.79	-10.6	-28.59
-90.67	92.29	20.79
-48.88	96.56	18.64
10.82	29.18	98.97
7.72	-50.18	17.96
-27.03	1.79	-64.26
75.55	61.14	-55.75
64.67	39.77	-73.87
3.73	-41.18	-67.31
59.02	-39.93	-60.85
-51.21	3.2	-39.95
-53.8	-40.99	-16.38
-69.51	47.41	49.05
61.7	-70.26	-8.81
-47.97	-23.14	79.98
73.59	7.83	74.33
-4.38	-47.52	-56.29
-14.77	-3.28	-12.83
-95.84	-24.8	-82.88
-21.57	-16.62	8.54
-52.52	-59.14	-67.33
10.87	21.23	80.11
-74.77	74.64	-34.1
-40.23	-26.8	20.71
-56.99	92.56	69.76
7.41	-81.38	96.3
23.41	-72.7	32.41
34.06	-86.54	54.86
-82.73	-99.69	2.6
91.8	77.86	-21.93
-20.74	-89.49	-88.8
86.78	-41.6	20.06
-18.8	43.74	1.77
34.16	47.95	92.14
-55.31	-3.6	41.03
-94.35	67.81	26.89
33.41	-54.11	-23.25
3.91	-31.45	16.07
-97.95	72.34	78.46
58.41	-67.85	54.17
76.91	5.52	73.31
80.12	-15.11	-80.21
-57.21	-92.44	91.33
-33.69	2.7	67.94
-38.78	40.4	14.88
76.15	-69.41	26.32
49.78	53.97	68.86
91.59	51.95	63.27
-52.88	49.1	63.85
0.18	-62.06	60.89
-64.73	49.42	5.16
-7.69	-97.99	26.64
-87.65	-38.16	-54.09
64.73	28.99	-3.94
-97.06	69.73	-55.98
84.92	-23.4	-35.65
-31.87	-78.81	18.63
-64.8	-7.41	-83.61
-84.88	11.21	29.67
83.84	-49.97	-98.53
57.87	-23.41	63.57
-29.07	15.38	-59.95
-29.68	17.97	62.7
-47.37	-87.97	26.4
13.78	72.42	71.0
24.87	-21.03	0.95
-47.03	-34.42	20.91
3.15	-10.98	56.96
-72.63	23.34	-24.88
-59.67	-61.07	40.72
-85.03	-56.59	66.39
29.78	43.91	-73.84
62.3	-64.69	68.06
-95.17	94.4	20.13
42.85	-75.64	20.34
8.42	-85.48	78.65
27.68	-36.2	-3.59
44.17	-82.14	-62.62
8.73	-99.25	56.55
-11.55	17.93	-48.76
-68.02	57.8	-23.63
87.0	42.35	-89.43
-93.77	24.59	46.21
68.27	88.8	-75.58
-78.06	1.54	-3.41
-94.6	42.84	86.18
-66.0	82.15	-63.38
-82.31	77.29	-20.68
-35.95	-3.85	-33.88
-7.1	42.8	-27.87
87.7	-53.19	77.81
75.52	-60.27	80.78
53.56	83.83	-95.27
-44.48	51.92	99.87
53.03	38.86	-75.85
39.51	48.58	-16.01
54.66	69.43	-0.06
59.25	38.97	-89.18
-83.62	-4.19	46.54
-79.87	84.37	-33.31
3.05	-95.24	-82.45
75.12	-68.61	-94.94
70.77	0.76	-93.57
-71.42	64.1	91.65
88.36	-9.23	-11.93
46.23	23.43	65.36
-92.12	-19.23	-9.91
-42.86	-98.6	60.22
-72.48	84.67	57.32
-42.69	45.68	-46.03
-57.52	57.91	83.09
-88.39	-17.95	39.66
13.78	-84.82	-9.69
-37.9	2.01	-41.91
-30.25	-4.05	57.79
57.73	-75.4	-71.39
-47.43	-85.88	98.46
-5.77	-69.06	-1.09
-32.65	40.31	16.51
47.6	74.88	-28.63
-90.79	-68.75	23.14
71.59	46.57	-12.66
-49.74	96.58	45.22
-5.15	-68.26	37.32
-67.91	82.72	-43.79
-83.24	65.45	-74.71
10.99	-96.75	16.46
68.11	-45.77	-28.31
-6.53	47.9	46.14
61.62	28.17	31.56
18.56	66.48	-84.18
-46.28	82.7	-87.88
-48.53	20.9	-95.47
50.89	-27.57	-8.3
59.13	-11.78	75.72
2.76	61.29	-34.08
-18.13	41.27	-14.16
-39.46	-77.75	-62.32
61.11	-84.32	43.76
-74.41	-56.96	-57.7
-1.35	63.45	44.93
67.99	-16.77	53.64
11.41	81.07	-46.82
-66.37	56.84	-44.59
-2.49	-78.48	96.99
-46.72	-13.06	34.54
-92.06	41.62	23.67
-85.64	-88.34	-60.27
-68.62	-60.71	-19.74
66.66	-75.27	79.46
-79.55	-22.18	48.25
25.45	-93.06	26.82
30.29	74.48	82.7
-16.11	-35.37	-37.35
13.3	94.22	-44.38
-0.33	-94.54	6.07
-87.31	80.38	95.55
-61.49	-5.23	46.18
-48.6	-31.42	-41.25
50.68	35.75	87.65
-77.77	22.34	22.09
58.84	4.88	-20.97
14.71	84.87	52.41
-56.64	82.55	-96.36
68.32	49.48	-75.15
-9.78	-73.52	43.97
-9.94	21.41	9.41
77.74	-64.02	-38.88
-67.33	84.69	-20.66
88.06	-56.9	-50.45
-38.85	55.61	-83.39
15.18	67.64	-51.38
16.39	-94.65	87.78
1.06	-65.92	34.21
84.14	67.6	95.62
-52.24	11.32	-49.03
34.24	-27.7	-74.45
-61.18	-31.15	-15.09
63.05	91.97	-0.69
-6.24	27.4	-59.05
-5.64	3.16	-91.41
4.54	-11.71	49.04
69.25	24.33	-97.69
-63.64	34.5	-21.46
-11.29	-33.49	-38.92
74.67	-10.67	-43.86
-71.34	8.51	-84.16
20.82	-68.38	-83.55
5.22	13.77	-96.42
35.74	71.33	-38.74
29.39	19.93	94.76
-59.56	-26.83	23.79
-40.19	22.97	92.19
-61.34	-19.42	-53.85
-56.33	-1.06	6.67
-12.66	35.0	97.14
79.95	-8.08	13.92
13.94	22.18	37.05
19.66	-30.58	-88.2
-53.42	-88.65	58.48
-18.33	50.62	-7.16
-37.8	81.49	-40.35
-54.18	22.64	-77.38
32.12	-50.1	1.33
-78.08	7.29	-28.96
50.28	-2.6	10.96
19.01	11.95	58.85
92.61	-70.4	-88.12
-2.86	-28.2	-49.69
-28.32	37.64	-42.39
35.4	-48.61	-16.23
-14.46	-95.07	-28.59
40.55	-55.45	-61.28
23.79	-14.52	47.23
29.66	40.45	-68.28
2.74	31.68	73.23
-37.13	-9.56	-72.85
-41.94	-62.91	-43.64
-97.73	-79.08	15.75
-9.55	79.53	98.67
-75.99	-59.84	62.62
58.5	83.23	-90.16
-28.07	92.15	-43.8
12.85	-25.55	77.51
-77.72	53.56	10.05
-72.31	-84.79	4.17
32.47	75.91	72.26
93.52	72.21	75.61
99.74	86.56	40.38
-94.57	-23.32	99.76
-89.83	-37.69	-64.02
-5.22	-44.81	8.76
-34.05	62.33	65.1
-73.94	92.84	37.94
-7.93	-38.92	97.41
-36.86	-30.14	53.11
-65.89	-43.47	-25.02
98.23	62.13	-98.26
-85.97	20.59	-69.28
-47.14	90.95	-36.84
-53.76	12.93	-40.59
6.57	9.94	-82.0
-81.66	-97.53	36.02
74.86	-38.24	87.47
22.15	20.23	-81.72
-47.2	-41.52	-48.58
15.04	88.68	-10.11
-2.92	55.33	67.16
48.3	14.82	-73.55
95.06	7.22	-5.07
-56.4	-64.66	-2.86
-93.79	-72.96	25.98
54.21	-6.64	43.4
19.1	16.72	-45.97
-56.69	45.13	-98.34
56.28	32.42	3.49
-2.73	-24.84	79.01
-70.54	3.45	-57.83
-4.72	-58.13	84.52
-73.62	-73.48	-64.58
87.19	-79.22	-61.39
28.81	-21.51	29.88
68.2	-4.47	16.89
-84.26	-76.9	-74.05
-24.22	3.1	98.26
66.82	-41.46	68.24
8.46	-26.8	79.49
10.85	-67.0	-10.12
-26.19	-7.63	58.85
90.38	34.6	-64.1
-72.11	-33.61	-28.1
-0.56	76.06	-18.57
-95.6	-32.96	-24.09
18.73	92.7	90.83
-56.84	55.64	63.76
-78.61	65.55	19.09
-99.42	-41.11	-78.92
67.16	71.52	-14.93
-68.94	-2.03	-45.86
35.24	35.99	60.23
-65.06	34.08	-47.06
-87.56	9.15	-57.17
-36.81	-7.79	-46.73
-52.44	69.46	35.19
-30.49	-22.63	-94.29
86.68	38.45	76.43
-44.92	-48.91	-12.89
98.24	-33.11	-75.22
-33.2	22.41	52.1
-64.5	-91.43	-13.43
-3.7	-90.54	51.15
13.59	6.28	76.32
84.51	-86.43	-36.57
-84.4	-61.43	-1.94
62.59	53.71	-38.6
60.67	-39.68	56.3
98.0	39.35	-17.3
8.54	1.77	-18.18
-32.99	56.42	-16.35
7.8	-70.55	-25.04
6.41	58.89	60.01
-80.49	-82.44	-16.41
-67.95	58.7	80.67
1.88	82.76	96.3
-52.8	-27.49	-97.82
-74.43	-7.36	-39.95
-63.97	40.94	18.64
-93.77	-31.21	48.76
80.36	44.88	13.63
72.81	-71.16	97.68
32.0	-17.01	-82.84
19.15	-59.91	10.07
-48.04	-53.32	-98.76
35.31	-49.08	-89.34
-60.06	20.8	-25.72
82.74	4.62	-4.73
-49.18	0.32	60.08
15.85	61.49	-33.28
-78.1	82.01	-20.93
-87.7	26.36	-99.64
-73.3	39.49	-1.64
90.93	69.13	1.25
-61.73	21.26	-77.47
-13.66	-97.67	-51.13
-2.94	81.63	-26.49
-12.84	21.83	-97.13
6.42	-98.85	74.88
-10.08	-90.84	-43.22
28.01	-66.56	56.97
89.85	-96.91	-62.45
8.01	49.91	63.14
-18.89	-8.67	29.03
-8.31	20.26	-87.3
-56.35	-13.59	-55.41
-63.53	-46.9	80.45
35.12	73.85	93.28
-89.54	-1.38	56.24
-59.1	86.29	-42.79
-89.04	-62.01	53.35
-37.79	26.42	64.0
-59.52	-7.43	-80.98
-95.24	-10.96	-78.24
51.73	-98.1	59.35
-58.41	91.47	-67.06
55.14	-75.29	-37.58
40.41	64.24	38.15
61.4	39.34	-39.32
-97.07	-55.21	99.63
34.95	-9.63	-68.04
28.56	70.26	31.55
-69.68	-47.06	-99.86
91.0	-37.54	-75.93
16.8	14.6	86.95
-75.92	-17.18	-45.66
26.81	74.58	-93.9
32.29	-8.06	-15.83
-49.36	31.5	-48.17
-60.32	94.59	-91.24
96.67	-48.6	44.5
48.75	0.4	-53.1
15.82	55.53	-62.6
13.81	-22.83	-1.45
-58.59	-35.89	-58.55
-55.27	-19.64	77.21
-5.49	-68.29	-74.46
2.72	86.32	69.67
-60.94	-41.87	-4.71
56.84	-75.41	-45.97
-38.02	5.22	-4.04
-39.73	72.95	-38.96
-58.24	-43.28	48.93
25.35	69.9	67.72
-77.65	-20.57	34.7
36.21	91.83	-12.83
-60.02	53.42	96.27
73.99	11.14	18.13
59.89	-11.86	-22.53
-72.48	18.64	-49.59
16.94	-2.33	-10.21
88.37	32.89	-37.74
66.55	59.63	75.48
43.03	58.9	-90.08
96.1	69.04	84.67
69.27	65.18	-20.92
41.15	19.01	92.02
-62.78	-96.34	-73.12
29.1	46.28	80.71
59.65	-27.3	82.64
1.09	28.63	20.25
62.04	6.09	78.19
-76.48	62.34	62.16
74.41	-99.8	51.22
27.49	90.23	-54.72
46.52	49.13	14.44
-96.97	55.33	2.91
45.46	-85.59	26.94
-82.46	67.82	57.19
83.43	27.29	89.47
10.56	-41.81	88.9
-26.2	-42.57	-98.02
-11.95	47.05	-35.39
69.08	0.21	-91.52
-4.86	-67.81	-79.93
93.93	-45.52	20.03
45.64	-36.53	-70.87
15.62	18.4	-56.55
52.48	-16.16	-53.16
-34.12	68.36	25.39
-83.13	-41.38	-61.89
73.27	23.02	19.06
-83.39	-95.56	-98.61
-91.98	71.05	82.6
51.59	32.81	-54.42
68.36	9.42	-95.87
72.53	-26.14	-84.62
79.15	-67.98	78.35
-84.57	-97.1	23.47
11.84	-69.66	7.67
80.81	-87.27	-41.15
-33.87	-96.83	-17.86
-93.61	12.19	-93.87
-76.98	62.63	29.89
15.12	-7.12	76.45
17.95	-96.75	-42.98
-0.54	-9.84	97.23
-58.95	-95.97	23.07
-48.1	61.25	73.97
-53.69	-25.96	-46.8
49.35	-5.45	65.51
-55.35	-15.38	-36.9
-92.93	-25.57	73.42
-94.46	-39.94	-23.78
3.55	16.02	71.7
-10.29	86.12	-59.17
31.5	-33.6	-89.34
-34.68	65.66	58.82
-90.56	-20.07	-20.34
-49.71	-41.16	-91.62
15.1	-21.31	14.16
80.17	76.15	2.4
-41.85	-70.28	-59.32
3.44	41.92	-58.89
66.0	-50.73	4.52
-56.24	17.22	-43.81
53.36	-54.22	-32.67
47.67	-6.09	-9.95
2.48	73.89	51.41
-98.77	-14.25	-7.49
49.02	85.23	-85.96
-20.97	-56.95	46.79
-66.13	85.3	-16.61
32.97	-0.9	-34.58
44.15	-26.32	53.29
22.92	24.59	-28.28
-71.15	-27.43	34.73
-20.74	46.85	-61.75
-21.39	-23.81	45.96
25.83	-29.0	-48.79
40.7	-29.5	-36.7
61.05	-99.25	-15.44
-83.02	55.96	-8.5
6.14	70.09	26.33
35.9	63.0	10.4
81.2	24.91	-80.1
-36.39	14.82	-14.59
-7.41	16.18	88.53
-93.51	17.25	10.7
-19.06	57.67	67.42
-98.14	39.02	-19.53
49.22	-60.39	20.89
-91.07	15.53	77.61
74.81	90.24	-75.15
-38.41	82.29	68.32
-82.54	85.61	-76.57
10.59	-25.32	71.78
90.82	2.18	-74.23
-54.44	-44.81	-64.58
2.14	-18.44	97.58
91.75	74.12	-36.89
89.03	81.39	-20.19
-79.42	25.35	79.3
2.62	-76.59	-90.58
61.95	-23.54	82.82
3.19	-89.4	46.78
-4.94	-25.81	53.48
-90.81	79.38	41.24
8.44	-39.85	-25.13
-73.91	66.32	-57.19
-32.14	-40.93	90.32
9.95	36.13	-59.47
89.38	88.23	-59.57
77.6	-66.3	62.05
2.16	6.06	-55.6
98.21	10.87	-96.1
1.12	99.11	-49.57
-77.49	-54.46	27.0
65.54	-14.05	9.71
-90.99	18.01	-96.64
-45.74	62.04	48.96
-27.13	-97.66	-4.92
83.9	-8.46	99.0
73.45	-28.79	0.98
-46.77	55.64	89.37
-30.48	-9.11	-39.61
-90.68	24.75	64.4
-39.5	-55.33	-75.9
85.88	99.56	-14.32
30.65	-60.98	99.1
9.32	-14.4	-67.93
29.58	98.79	24.45
-70.07	47.42	-6.25
23.9	-21.6	2.58
-78.08	-3.37	21.82
-59.12	9.43	-20.99
33.81	-94.34	-46.18
-47.58	-50.26	69.51
-57.57	-3.64	57.89
-7.01	-85.17	79.44
-56.68	-22.37	7.78
81.7	68.02	16.81
5.07	49.55	6.61
-76.14	-48.01	-92.86
19.88	-14.62	-49.63
-54.58	9.73	42.5
38.77	95.03	-81.51
-13.0	36.1	52.4
3.04	-13.28	-96.3
-58.19	8.48	-44.25
-57.56	75.37	24.63
42.58	-70.48	-36.52
-2.78	5.1	-21.84
99.66	-37.09	-91.5
41.76	26.14	-21.9
-77.67	2.66	-34.47
-14.83	74.22	-88.19
97.11	-9.83	-3.12
28.11	-70.67	10.9
48.71	35.7	-73.94
-94.5	62.07	31.31
-63.32	-73.56	59.97
12.12	60.89	-0.16
19.18	-6.83	51.18
-90.79	36.7	-30.33
-0.27	-23.82	67.79
71.14	-47.93	-31.3
37.84	-88.03	14.55
-18.91	79.1	-10.24
49.77	-77.66	-44.23
-38.63	-13.03	70.08
-61.33	-75.4	13.74
-94.98	-63.99	-47.58
-15.12	-40.9	-11.67
25.66	84.16	-40.17
79.95	65.51	-59.96
-0.09	29.71	-97.08
-14.29	71.04	83.8
-70.49	-97.35	66.2
-4.62	72.34	90.46
2.65	49.84	-55.2
66.84	31.39	-95.19
-23.03	-77.66	42.9
6.55	-84.75	86.18
40.72	-34.51	-25.44
-72.37	13.12	81.05
-72.67	-79.82	73.71
88.31	9.1	-55.31
94.76	87.52	56.61
96.11	15.75	12.04
46.43	-33.92	60.59
70.86	-5.82	-4.14
36.07	-15.45	-88.38
63.37	-42.91	-65.9
92.39	39.35	48.26
-24.56	73.64	-32.56
-88.42	-63.87	-27.46
26.69	2.66	87.43
65.68	-59.37	47.52
-65.18	-36.13	35.99
0.14	23.89	-44.8
-42.41	43.83	76.38
39.47	27.12	55.27
-70.99	-13.91	19.1
-48.2	-33.8	-91.56
17.31	-1.16	-80.85
58.5	-5.53	-42.58
-89.62	-43.47	69.87
64.79	-29.24	-82.88
23.33	-10.43	1.31
-57.7	42.74	-45.55
-16.08	48.23	7.85
-35.31	88.01	91.14
-7.9	95.24	-10.09
22.96	-70.78	-77.33
-94.8	-82.32	-15.02
19.58	-49.6	15.85
-37.41	25.72	-84.04
51.43	72.22	-1.01
-55.55	-71.57	12.35
95.84	-84.74	69.15
-65.09	-5.45	44.36
-20.4	84.36	35.05
32.76	7.67	59.16
26.34	-75.17	-53.35
16.56	-12.22	53.02
-33.84	-14.06	-28.0
58.05	46.68	95.08
44.86	-22.94	29.86
83.47	15.63	89.54
-51.8	-81.66	-16.18
-67.62	-29.52	-5.91
79.87	1.34	-73.68
96.9	10.13	94.89
-66.6	85.6	-75.82
40.68	-76.63	47.94
-88.92	-78.04	-83.26
-5.41	-16.96	32.78
96.79	51.16	84.37
77.5	47.14	-68.3
71.49	57.36	98.52
79.46	-7.62	-56.67
39.97	-52.36	83.58
32.24	38.24	67.21
31.91	48.25	-74.47
35.47	11.77	80.67
-48.75	59.86	58.05
32.54	74.73	-43.95
81.84	-67.43	-7.08
40.82	13.22	53.74
87.85	33.03	-63.11
50.35	-25.97	-45.74
-19.63	55.18	9.88
-85.75	-80.98	-44.61
87.82	40.63	70.62
-66.2	-92.57	71.24
73.01	57.17	-74.88
59.43	1.49	-5.74
89.4	-37.71	0.21
-45.97	-76.82	30.74
-61.12	-94.01	13.76
-27.73	-82.84	1.73
-6.57	48.94	61.79
19.52	34.04	-72.84
-45.37	82.94	-29.83
-70.57	65.92	-87.28
-42.56	-25.73	48.22
-17.71	-86.78	71.83
90.19	17.79	48.86
-30.93	-33.67	99.24
84.42	-63.15	-91.78
42.42	-14.04	11.41
91.81	54.5	43.68
86.01	-84.17	-78.94
-34.31	86.74	90.62
94.05	37.83	-33.58
-20.38	-88.52	-79.79
-68.35	-14.14	54.63
-94.82	-90.81	78.18
-62.56	-79.06	-34.45
97.47	-95.84	-7.81
53.83	-9.76	69.24
8.42	-2.09	9.85
-66.09	33.51	83.36
-26.46	-31.66	-68.57
92.02	5.19	-94.5
67.11	-56.49	-28.12
95.58	-10.92	-2.53
6.89	-27.43	44.03
22.92	94.71	95.9
40.39	5.93	-29.75
84.54	-55.62	-66.61
-35.54	-68.95	41.57
-37.01	45.16	59.1
-75.77	-80.03	98.76
34.72	24.92	-57.51
13.91	74.81	-8.28
-55.5	-67.43	-3.27
83.51	19.99	59.37
-12.16	27.98	-34.37
72.36	70.02	-92.14
-11.81	-51.25	94.28
68.23	4.2	-39.7
-73.31	-15.05	2.24
62.27	58.82	29.94
57.83	98.23	-3.06
23.7	-29.47	89.33
-64.7	-88.42	31.37
-2.33	-33.9	59.97
3.03	-69.0	-27.87
82.93	32.47	-44.75
99.0	-93.17	-99.85
11.59	82.11	16.56
-37.0	69.54	15.63
0.83	-95.85	-34.61
2.03	-81.15	-14.65
-34.16	-21.4	2.73
97.96	-64.59	23.51
61.64	65.63	-63.81
51.56	-75.53	3.99
-91.25	-84.28	80.43
9.05	88.85	67.17
90.98	-19.12	-18.84
-51.56	-22.14	-9.16
88.54	-56.59	44.22
67.98	-63.54	66.39
66.24	16.92	-76.48
31.88	-32.07	66.86
-1.05	-49.06	-28.32
51.26	-14.53	-24.46
-11.41	31.86	45.65
-16.96	45.13	2.83
-46.32	87.4	-86.57
-67.4	4.69	80.89
-62.33	10.77	75.62
-5.11	-99.7	-29.25
-42.93	76.3	40.37
-45.47	-85.11	-7.54
-6.71	-45.4	-34.92
-0.05	-9.45	86.89
-45.56	-74.2	71.46
66.2	6.45	-22.86
97.06	-75.54	70.36
91.44	-45.87	-98.97
39.65	64.19	10.03
-65.47	-96.43	7.08
0.49	-59.7	-76.09
-91.74	-52.45	51.34
26.82	-70.17	-48.26
-29.99	-30.27	-65.02
-44.85	-81.22	-19.71
-99.59	-59.92	66.95
-82.3	-38.16	-3.75
66.06	-40.98	5.89
-73.8	-55.57	-51.44
1.1	95.15	-38.69
-23.29	39.99	-5.67
22.01	-16.42	-90.96
-67.34	-46.05	27.11
-27.57	8.97	67.54
7.68	-5.98	-91.73
-73.97	-45.76	63.79
20.82	-16.36	-49.39
-49.84	77.6	53.49
96.6	96.93	39.51
71.4	85.9	60.56
-20.46	-98.53	-17.72
-86.73	-93.84	-89.69
4.78	36.45	54.27
-49.97	-45.17	17.21
-91.79	-11.2	6.55
24.85	72.94	44.65
31.3	1.44	15.54
87.58	-44.34	27.6
-53.96	-72.1	5.38
-55.99	41.46	-54.55
61.93	-69.6	-85.43
74.19	-5.08	-20.79
28.17	38.48	-2.35
71.43	87.78	-46.38
21.23	2.44	-5.43
78.04	-86.55	17.22
76.35	45.41	-55.87
-59.81	-44.77	14.67
16.46	41.18	-38.72
-94.74	94.68	71.27
3.2	98.47	86.55
21.22	-97.24	19.39
82.37	78.02	77.93
54.24	-38.47	58.83
0.55	0.13	-28.0
-77.27	-35.25	8.44
67.97	-35.88	-63.63
-25.59	-17.97	18.15
24.81	96.46	-12.24
62.42	5.73	6.55
9.67	-75.57	53.3
-38.08	-92.54	-7.41
-71.95	-21.24	-6.06
56.55	-95.13	93.28
-9.24	-25.82	22.22
-84.31	7.65	-99.09
-47.33	97.01	-92.45
58.94	-58.72	-3.2
97.14	79.02	-23.4
-58.71	57.11	62.92
-46.8	69.48	21.01
74.23	-1.37	-26.23
-54.47	86.82	19.91
25.89	-7.8	13.43
-2.83	-6.47	-82.86
-47.86	31.04	-5.39
7.87	53.55	70.11
43.15	73.39	97.76
-42.34	55.67	59.84
-70.91	-49.89	-37.27
-87.94	33.0	-85.59
7.04	-27.74	-24.83
57.34	-99.61	66.14
-64.37	-62.54	-22.62
80.49	8.65	58.74
-10.01	70.47	78.27
-6.24	30.68	56.28
23.56	-57.49	-47.25
83.77	-72.67	-50.01
-55.24	-36.83	-74.41
-75.45	49.55	88.06
97.12	14.52	86.03
-6.48	-93.39	-62.94
42.43	-75.37	23.09
58.74	17.68	-79.15
-16.12	98.95	40.98
60.36	45.06	67.47
-80.5	11.83	-37.68
-5.33	-62.6	80.21
-12.76	52.4	10.29
-81.78	-14.6	-85.0
-66.84	70.03	99.76
-7.7	67.88	9.34
-96.8	-42.27	93.4
81.07	81.32	-82.23
9.94	-68.11	52.18
39.63	-97.18	58.87
-39.21	68.69	24.63
-44.67	95.4	-28.08
6.67	74.82	13.22
-91.33	74.27	43.07
40.89	-10.31	15.18
-16.06	-19.11	0.83
45.27	45.39	-5.86
66.35	-0.8	79.7
-15.3	78.13	-70.19
-66.03	-46.79	89.23
74.42	-74.09	23.25
-66.63	-5.13	-77.52
-86.7	-73.83	-42.12
-66.31	96.5	-55.8
71.13	-27.81	-90.92
-96.07	-24.42	-85.18
89.17	41.96	97.26
-43.68	70.17	-8.71
-91.85	-8.75	-83.15
-36.96	2.64	91.01
-49.67	-61.29	-10.19
-80.44	-25.73	-71.57
-55.06	-51.28	-22.84
-78.41	-40.88	93.51
6.41	-30.5	-77.55
-17.97	-14.69	0.38
-26.25	17.61	-95.4
-77.67	-5.77	65.65
-12.14	1.59	-13.81
-32.02	84.96	74.72
-75.95	12.88	-83.54
91.84	31.74	75.75
-62.71	81.91	30.72
89.4	-33.99	-54.9
-42.25	-87.79	97.3
-3.11	68.03	8.26
97.88	-68.24	-94.88
-53.09	-88.04	23.84
-2.56	97.74	-48.42
68.45	-20.78	-63.18
-54.83	81.96	-21.23
39.06	15.89	47.76
-37.59	-77.64	-44.79
61.35	-12.72	-3.98
76.6	-50.29	-46.77
37.76	49.37	40.05
-59.35	-7.52	79.56
22.31	0.96	35.06
91.27	-11.01	-49.21
-80.72	15.62	38.14
-68.14	-45.8	59.14
43.64	12.14	80.09
27.15	65.14	-82.87
85.99	-50.14	97.1
-57.9	-64.33	82.39
36.45	73.47	75.37
83.59	44.63	27.07
34.14	55.84	8.72
61.61	19.98	40.24
-50.84	62.01	-64.09
-14.41	-26.87	10.96
54.44	73.1	23.32
10.37	-73.24	52.81
-5.29	-50.26	71.84
21.72	-40.84	-29.86
6.54	-81.64	-75.64
4.3	7.94	83.68
-52.79	-9.3	18.28
6.51	-62.28	9.99
-29.16	-93.07	-94.37
-58.23	45.64	-93.98
72.09	-99.41	51.45
0.36	-20.78	43.68
-30.81	25.07	-80.86
-58.62	-18.43	-26.11
-48.19	95.92	-67.52
-66.7	-53.36	-97.0
79.78	-71.22	74.95
9.54	-18.33	-85.68
-61.4	-4.86	-78.72
-53.98	-58.61	-64.61
-38.34	-83.56	31.02
-53.52	-35.98	-33.89
71.95	76.6	46.47
76.11	48.58	-53.3
18.77	-8.87	-51.01
64.32	21.13	-27.08
-18.54	-30.59	62.05
44.26	-35.1	-78.16
34.37	-18.06	87.74
-4.62	65.05	-81.35
42.53	-9.93	-85.24
-32.29	24.18	88.69
-88.35	-45.47	-78.51
-39.0	-19.22	62.08
-97.9	-31.27	24.96
-43.99	16.7	-82.67
-16.96	41.28	95.9
17.29	-9.73	76.56
43.18	11.19	-45.2
-26.33	-82.07	-92.55
33.33	-25.2	70.67
52.72	-69.16	71.69
-98.03	-76.36	25.12
-10.05	-44.35	-68.08
28.1	84.31	13.58
14.48	-12.18	-72.79
-28.12	65.38	-21.63
34.27	-38.64	-34.2
79.76	-55.67	63.14
21.44	1.97	81.35
35.08	97.43	-38.52
-94.05	11.83	10.68
61.64	20.36	-32.55
12.3	-76.46	13.75
-7.26	-68.38	10.45
32.64	-49.76	-57.93
96.32	-3.88	77.06
59.75	36.58	28.03
-72.89	-35.07	-44.34
52.99	-87.65	55.77
80.43	14.92	-82.01
69.38	-67.14	40.02
-46.14	-12.98	-80.04
-25.07	-14.67	-76.57
18.26	5.09	-16.64
-48.25	73.25	90.7
-1.09	64.56	-76.82
-64.51	-33.97	62.23
94.22	-33.1	64.61
-96.44	-59.34	-4.05
61.85	38.7	-69.52
-76.9	-80.85	-46.36
39.71	62.19	65.37
39.21	-57.79	20.15
-77.64	86.4	-45.73
-53.99	-18.07	-97.07
-97.33	97.33	-34.67
-75.6	4.74	-58.57
21.3	56.18	16.7
-85.2	-27.48	46.92
-70.4	-32.59	0.46
30.29	-79.25	-60.0
-26.82	-8.46	56.96
-18.91	16.76	48.64
-10.61	-5.52	-86.18
46.82	-69.86	24.48
-50.68	17.41	-28.39
-89.56	33.87	28.44
-51.44	79.93	16.45
74.77	-74.03	-16.17
6.3	63.45	-69.15
43.4	-20.37	50.33
-24.5	-50.74	24.74
43.47	-56.46	-27.94
25.2	29.7	-27.39
8.15	-47.08	-29.33
-18.26	-58.96	-81.67
-34.73	-65.81	-39.04
-91.91	-26.19	13.11
-78.34	-0.8	-20.16
-84.32	-15.73	-46.03
66.92	-38.19	-9.09
34.13	-42.97	89.13
-50.49	26.15	95.67
62.66	-79.3	48.74
-53.63	-9.07	27.01
-13.88	15.62	-77.16
73.54	89.08	67.83
-65.22	89.19	-3.37
-34.11	-52.39	78.94
-57.04	-18.36	-94.33
83.05	-74.73	-66.77
-19.08	69.85	-6.16
-44.55	-17.04	53.19
7.65	-58.17	-76.43
-41.82	-51.89	-90.83
-69.01	83.68	70.89
42.63	-48.74	76.55
94.54	-99.57	-1.57
49.78	-78.83	-89.26
-14.01	-29.33	-72.32
-41.07	32.5	53.29
3.64	-97.6	56.3
58.97	23.67	-93.01
15.28	-92.79	99.7
-81.04	40.08	-42.53
-43.82	-50.32	-24.59
80.0	63.1	40.22
-87.85	-40.35	46.52
-85.73	27.36	5.66
-96.26	35.1	42.53
45.74	56.58	86.55
-73.6	-93.77	35.63
67.75	-62.92	22.93
-70.74	28.04	92.21
89.19	91.03	-2.42
46.43	-71.92	-44.92
96.48	98.48	-80.02
82.52	51.06	-69.47
89.47	-16.18	-5.39
0.41	68.69	25.59
-82.77	70.56	-30.12
-92.2	67.53	93.33
-85.5	-92.21	-94.33
30.6	-90.98	52.87
-81.78	57.37	8.01
21.77	-99.21	12.85
11.44	-20.61	-40.3
92.36	88.86	-20.77
30.44	-97.95	46.52
88.42	23.69	14.02
-58.27	19.97	-5.24
66.9	25.45	0.06
-49.27	-65.89	-38.82
-64.63	-22.06	21.83
86.94	62.62	65.11
-30.46	-1.04	22.17
-92.04	35.84	30.73
-8.78	-18.05	-98.47
63.96	97.83	-22.03
-21.16	-6.62	-72.09
61.09	26.48	12.61
85.06	-97.95	-59.65
-11.73	35.23	-63.85
-78.85	-49.01	54.27
-67.13	74.55	66.09
50.46	4.98	99.49
-45.27	-58.81	-39.57
38.7	83.18	-33.52
-74.98	-30.57	-85.56
61.09	-94.71	-18.11
-72.74	11.21	-89.22
5.8	55.87	28.21
-25.57	18.89	-3.42
-11.85	28.14	80.97
-95.6	98.12	36.65
-95.81	-88.5	34.23
54.37	13.3	91.8
48.46	-20.49	-67.34
-52.61	73.69	65.41
92.9	67.59	91.25
84.96	43.63	68.15
1.03	53.22	-71.81
-4.12	-30.54	76.08
62.39	99.25	77.99
87.92	62.42	36.51
79.7	70.26	32.6
86.97	-94.47	-54.93
-23.08	-10.3	87.74
57.93	86.78	87.44
26.4	-80.7	-71.9
13.36	-10.25	55.35
-1.46	76.03	-62.7
-49.2	-16.29	86.94
-96.03	56.73	67.65
-65.86	86.1	71.63
84.91	-24.16	-76.7
-70.31	-40.04	17.06
-25.65	-98.64	-46.51
21.38	-39.45	-46.54
50.19	-80.11	40.93
-53.31	-57.18	90.46
32.67	3.04	-21.44
-31.65	-21.02	23.92
-76.47	-7.73	70.8
71.44	-11.05	71.49
-29.76	75.47	1.37
98.51	74.76	-76.46
0.61	14.95	-69.09
25.78	-93.08	89.13
89.97	-39.44	-37.82
43.3	-19.41	-72.98
-95.23	12.83	64.33
-8.59	72.21	53.94
-49.64	-20.62	-99.09
-87.85	-81.46	-99.15
-20.61	-3.86	72.44
-76.55	96.35	28.67
-44.87	-65.95	44.49
-65.57	85.91	96.4
-82.12	-29.12	48.41
81.86	4.91	91.21
34.61	-70.64	-54.81
42.21	-86.4	-54.41
5.2	20.66	74.74
-83.5	-77.19	-36.3
-15.74	46.35	-31.8
-66.42	67.07	-20.91
64.38	-18.39	-92.8
97.42	-98.79	-86.63
98.71	-83.97	-73.11
55.62	-73.11	-31.01
61.03	75.34	42.68
-17.29	9.25	53.08
66.45	77.52	-41.96
-1.45	81.13	46.94
12.6	-61.88	90.64
4.47	18.42	-72.18
41.06	23.32	88.19
21.11	13.5	-19.06
7.76	-69.18	61.99
19.9	97.93	-37.14
42.32	23.57	69.25
84.89	4.23	-92.0
19.76	-0.56	-78.82
-1.43	83.72	94.15
-79.92	-82.71	52.79
-82.56	18.26	-72.99
-91.95	-31.03	69.7
48.76	98.66	-18.47
-40.21	-68.63	-35.28
37.69	15.71	82.29
-54.83	75.71	5.37
-11.82	-42.29	-42.27
-75.44	-77.66	52.3
27.14	-21.4	-41.66
-79.54	-60.73	-68.56
-98.88	84.96	-4.51
55.61	74.62	25.03
24.33	10.29	-8.1
-59.71	31.22	50.8
96.4	-26.64	-79.75
91.55	72.28	77.77
-68.31	-11.4	14.97
69.92	66.84	-65.74
-48.19	1.06	-62.64
-73.13	98.49	-66.84
-41.53	-90.45	-13.35
60.82	46.68	-91.07
-99.15	-39.94	87.35
75.77	27.21	72.43
83.69	29.64	-71.7
-42.58	38.05	-98.41
51.94	67.86	79.73
-41.81	85.62	-63.45
-60.86	10.68	58.59
76.71	71.02	94.37
-39.99	98.79	24.96
29.78	72.6	85.39
-84.25	-18.43	25.11
-13.71	97.99	-82.88
56.1	37.34	-34.06
28.77	-69.68	34.14
58.15	-16.91	-34.46
80.03	-49.49	-30.2
-25.6	-41.44	-11.95
-51.0	-13.41	-43.86
68.14	-52.2	43.68
28.61	-57.83	-30.57
-3.16	-86.55	-12.26
-99.65	-87.07	65.66
5.98	40.05	34.52
-67.39	73.26	96.78
-43.28	-19.77	44.35
-11.15	-50.03	-11.04
31.25	-17.86	63.77
9.42	53.7	98.78
-41.7	73.02	91.38
36.39	44.58	-29.51
-90.04	92.39	27.78
-52.76	67.54	85.0
-17.41	-20.96	35.84
-39.54	-80.43	-48.28
-34.54	-96.85	51.74
63.72	-59.41	86.99
-91.93	-43.07	-61.85
-52.82	54.0	-33.61
70.4	-88.86	72.74
35.19	-96.26	14.48
50.05	13.74	-75.84
-94.35	-4.47	-2.14
99.72	-52.31	-2.58
9.78	76.76	73.42
29.26	-77.69	69.67
-70.33	-5.12	-75.75
-14.29	-66.75	83.01
22.75	-72.49	43.38
-83.77	19.87	-53.15
-72.37	-52.35	-7.6
-8.4	46.39	9.99
-1.9	-45.0	43.76
-78.85	93.48	-42.71
-27.85	-74.01	-65.25
3.9	74.55	85.52
-51.66	-13.84	-1.63
97.45	60.08	55.17
48.68	-44.26	24.96
-96.86	-45.37	-76.27
-94.97	-94.41	-38.24
-90.29	-71.51	-73.55
-16.79	42.77	-30.43
-98.89	17.25	-91.33
-51.93	-25.96	-6.94
72.59	-79.7	45.49
97.52	-49.47	-20.57
-10.96	65.04	67.66
-51.9	-72.96	30.08
-23.58	-1.98	75.27
-27.03	-16.29	28.99
27.1	80.75	50.6
-18.58	74.34	85.06
59.08	-60.99	-63.32
-19.15	64.42	-57.98
-25.47	40.02	1.36
77.11	35.79	-73.72
-85.3	49.16	85.57
-82.91	-61.02	38.09
-27.07	43.26	93.75
91.44	-42.55	-96.38
-55.38	-10.2	99.99
77.27	-11.7	84.21
50.08	11.76	-40.41
-27.04	3.68	-16.3
21.2	-2.92	-3.06
75.68	-14.34	35.73
-38.22	50.25	-76.4
-37.46	-43.35	2.84
8.64	76.62	1.58
71.44	-92.45	58.35
-58.84	54.77	94.47
-80.57	-95.15	90.07
36.08	-90.13	-78.65
13.42	-94.37	58.3
-6.98	-65.0	-14.02
-82.4	74.87	83.74
67.68	-10.96	-55.42
-45.06	-29.13	7.87
23.93	-93.57	-5.57
-80.31	6.3	-34.4
70.1	21.95	53.33
-85.53	-13.02	78.06
-34.34	-56.34	-33.69
60.09	-31.21	-79.54
92.87	85.85	53.44
19.9	42.7	-1.83
26.84	-10.0	-33.75
-32.84	-90.18	-56.3
-40.76	78.77	86.59
60.72	70.37	-18.55
14.15	97.43	-46.25
4.68	-18.25	-5.55
-24.23	-91.36	-59.36
-41.51	43.04	-96.44
-43.04	-98.88	-13.78
44.86	-96.98	-26.82
7.26	-81.26	-32.32
-49.31	-84.28	71.29
63.21	-75.76	-84.31
-37.31	-94.61	-5.93
67.82	-76.83	-68.7
49.4	38.99	-19.22
66.48	-39.62	-5.81
-25.87	-61.65	-66.01
-5.08	-30.36	-76.8
79.73	-25.38	-14.01
57.47	-74.13	8.68
7.78	-25.62	21.98
-35.66	27.78	-72.74
-45.35	-31.25	32.34
33.59	62.83	84.54
17.83	84.0	91.22
9.1	87.68	-34.99
-79.38	-73.17	-79.62
66.92	79.0	63.86
76.09	-58.26	-3.86
-27.38	-18.76	83.18
54.85	70.75	59.6
-98.62	-2.76	-15.3
17.48	-24.01	-77.8
28.07	35.13	-25.14
83.41	45.45	-30.22
21.5	-2.77	-79.58
-29.58	-61.2	50.2
-16.54	-71.99	-16.69
-66.97	-46.67	92.93
87.82	-5.01	-19.68
-66.98	-9.81	-98.68
77.54	-4.5	86.1
72.97	31.45	-79.17
44.99	43.97	4.04
-26.1	66.12	82.74
-79.5	-49.72	38.39
-34.87	-39.65	-93.04
65.12	-43.31	-71.45
7.92	-76.44	14.73
13.02	64.44	-42.52
-58.25	-88.07	-4.97
55.31	68.59	2.79
31.63	-86.7	40.74
46.28	54.54	-52.02
-50.1	-88.81	45.19
36.77	-13.17	-30.34
-19.28	69.58	18.21
71.87	-60.5	54.78
-51.84	-69.92	36.45
-31.57	46.17	-86.03
0.29	45.28	-2.73
-27.81	-91.5	98.25
-16.2	-96.65	2.71
-62.24	-13.77	73.31
-74.69	-20.83	64.02
16.64	82.78	93.78
6.76	18.42	-10.04
91.37	74.26	54.56
-93.86	68.52	-26.7
92.44	-91.6	-97.96
-17.01	29.75	66.17
-82.99	36.61	47.31
-61.1	52.13	13.68
58.11	45.77	-25.28
72.07	25.52	-86.08
-95.17	-63.03	-34.58
18.23	40.21	80.37
-39.85	-46.9	-71.17
64.33	-45.25	-59.82
-58.41	-6.48	-15.87
39.37	-52.88	-90.5
-39.82	-35.08	-37.71
-85.55	68.19	-44.34
98.04	-90.72	53.02
-83.06	91.53	-93.17
-90.06	95.13	-71.66
8.31	-2.72	-53.31
94.67	65.74	-37.91
53.4	54.85	83.13
-24.45	-91.04	75.08
87.54	4.65	-44.26
-69.43	84.57	-65.72
30.5	-97.38	-72.22
44.78	-7.8	89.13
3.8	10.79	47.23
-35.95	14.22	94.67
54.49	58.63	-54.16
-58.91	-60.39	-71.58
-90.41	-8.94	-72.69
35.27	-19.38	42.73
-2.75	-27.71	-10.89
62.77	34.8	24.95
-1.59	-24.46	58.36
-48.19	-77.62	-79.96
-24.59	-96.92	0.23
26.98	-85.47	4.46
69.74	-38.25	-5.75
9.1	75.97	-66.03
16.17	-33.5	-61.64
-14.79	3.48	-55.92
-27.38	-21.54	99.45
7.94	-44.57	30.56
39.77	59.39	33.51
-38.73	-0.36	75.09
-60.75	8.47	21.98
-30.54	-17.49	99.3
-52.22	90.6	-78.58
84.1	-57.21	-39.53
-3.31	46.28	-3.84
-64.45	-94.02	-44.14
92.93	78.64	38.84
-36.61	27.17	8.49
-19.58	-30.25	56.87
16.11	46.39	40.59
67.27	-79.21	83.04
-23.79	-10.08	-91.9
95.14	50.98	1.65
99.78	-43.72	71.25
-54.59	-7.1	-54.92
65.77	27.45	99.97
96.36	90.34	61.15
-52.1	33.24	89.27
-27.05	-67.16	-7.78
-81.29	95.73	-74.89
-52.95	-75.49	-58.78
-12.31	57.78	-15.31
-81.72	77.18	-69.39
-31.47	-79.67	0.85
-92.32	-1.95	-64.78
97.78	-12.82	-60.5
65.63	25.79	9.77
-55.88	83.13	-50.51
60.65	-17.79	15.76
-81.21	-64.24	21.38
-34.62	17.26	-41.93
-92.18	-31.02	-70.39
45.07	-31.68	18.29
64.02	-76.2	4.23
91.81	96.48	-85.09
93.55	-70.29	95.42
3.52	87.35	-94.38
1.91	-22.11	83.28
90.32	-97.48	-64.78
45.33	34.94	-7.57
94.32	41.56	-64.4
-23.37	46.32	-11.28
-54.64	-11.6	56.87
-30.22	-75.41	53.48
37.31	62.39	43.4
35.47	-77.8	-56.09
14.17	23.67	-35.09
-45.94	15.65	36.47
-20.93	-37.54	85.08
-41.19	-59.38	4.66
11.54	-99.72	-6.93
-34.82	-76.85	-47.03
-98.32	54.26	89.02
22.58	-3.09	9.02
-61.35	97.35	-10.24
-88.8	62.09	-6.47
66.29	13.12	23.14
94.03	49.18	-52.68
23.83	-29.79	82.56
56.4	95.56	-84.42
-98.11	-37.65	58.58
-28.64	39.56	43.22
-1.4	56.97	-59.39
-20.1	15.81	98.09
-12.94	-18.9	6.96
-76.8	-49.32	49.86
-49.03	-68.66	-47.79
46.84	75.69	-61.28
3.68	-62.46	71.23
-94.66	-70.41	14.54
-58.62	26.46	87.29
8.17	21.46	23.37
70.96	8.7	-28.46
-17.38	75.29	76.2
-68.33	-32.65	-77.17
-76.03	76.93	6.53
16.63	-92.92	-74.05
-88.56	-62.83	10.11
-63.06	-20.94	70.85
71.58	81.52	-31.19
92.26	-93.0	6.8
-59.7	21.41	94.27
79.78	51.5	99.38
-43.53	83.23	-20.06
-92.27	-39.98	80.14
-49.39	-69.28	-73.08
-28.29	-31.86	9.25
49.78	-27.53	15.26
-29.19	10.25	96.77
90.44	-79.69	33.38
58.3	60.69	72.56
17.99	-62.25	-96.08
44.31	95.26	-35.33
-65.69	53.7	37.82
88.31	-75.55	-10.1
30.6	71.76	42.88
-51.22	-72.55	4.09
-75.4	66.22	-81.33
-1.45	-49.23	58.5
-19.68	-24.45	-97.76
-88.7	-26.99	-61.05
91.42	-85.06	48.78
10.56	-18.11	1.54
-5.86	59.43	33.1
67.11	-8.72	74.29
85.18	-9.61	-73.14
20.02	-20.41	4.14
93.6	73.93	44.09
11.67	41.6	-82.38
75.04	-29.24	-5.44
2.06	8.35	-6.32
24.57	-55.45	-22.12
96.6	35.09	83.6
26.84	-28.53	47.9
37.7	-84.45	30.32
29.35	-91.02	-38.81
12.86	-68.33	-49.25
-14.3	56.93	-2.43
69.01	73.46	-71.41
30.82	-94.36	9.68
-67.31	48.51	3.81
-56.81	46.84	27.08
68.09	-68.09	-48.51
-51.97	95.08	-76.79
-59.32	-70.69	86.12
-22.62	-92.89	-88.85
-52.29	17.98	99.69
14.68	72.38	78.11
-3.35	29.65	95.62
21.35	89.85	-7.4
76.07	72.87	-4.16
-92.97	-30.47	-91.3
83.03	43.55	36.28
-93.66	-70.66	-4.33
-74.37	-36.73	72.23
85.58	51.77	-17.84
18.82	-90.31	35.57
-4.17	-98.83	5.13
-76.52	9.66	-34.01
-1.48	91.25	87.09
44.66	-49.89	-56.93
69.42	22.39	-6.86
-7.82	-93.39	-67.99
19.36	-79.93	-87.59
1.99	23.38	81.32
4.62	-34.26	47.1
91.5	-13.37	21.08
0.69	-40.12	-5.49
7.54	-7.72	82.67
-94.53	-28.89	-46.26
91.09	-19.2	-4.54
-37.41	-24.51	28.73
88.49	97.56	-77.67
-16.31	67.13	56.19
1.12	-80.23	56.77
68.05	-37.76	52.65
17.97	96.93	95.01
-99.39	-33.8	-91.54
78.06	68.44	-23.92
-10.52	89.36	-8.42
31.76	41.14	81.45
99.92	-84.05	15.53
-62.13	-65.1	-48.24
53.38	76.96	98.09
17.99	65.51	73.86
40.02	-1.53	40.4
42.79	-21.44	49.04
20.94	-56.13	-7.39
-52.79	64.46	51.31
82.79	20.39	85.17
98.09	59.88	15.86
-12.43	53.94	-5.81
-56.74	46.68	-0.78
-60.49	-13.39	-16.73
14.36	47.34	41.85
69.88	-48.59	-46.94
86.04	63.51	19.85
-63.1	-42.58	67.12
-51.84	11.26	61.64
34.68	89.83	87.23
-98.05	32.38	-81.9
-13.7	10.03	16.92
-52.07	14.3	91.94
79.66	-31.99	-31.11
46.42	81.44	-63.36
71.53	86.07	-19.1
15.59	5.01	-24.0
28.56	4.1	-93.19
53.58	64.06	-37.67
83.9	-7.19	48.86
-25.0	-8.18	-13.9
85.38	-34.44	-2.15
50.94	-89.55	90.79
-87.82	-49.25	-89.13
-59.96	66.31	-71.09
34.53	35.04	-35.11
-52.25	-71.21	80.73
1.96	2.78	-57.96
6.41	20.27	-74.26
24.52	-94.45	-1.28
-6.52	-18.2	12.32
7.39	31.22	75.51
-10.51	30.74	-96.8
-1.75	-46.17	74.72
-70.58	-45.12	42.87
62.82	-27.2	-13.67
6.82	-78.26	-90.7
-31.08	15.03	-38.0
97.41	-5.46	26.55
-18.06	-63.86	34.25
34.13	82.54	30.07
-30.87	-79.94	15.01
31.79	-63.46	-39.71
-49.45	-56.05	-21.31
41.9	-23.35	-39.15
-46.4	-17.6	-87.33
90.19	-53.85	27.14
81.1	23.89	-63.9
-79.63	79.09	4.92
63.17	3.9	46.61
-37.77	-12.21	84.82
62.28	60.66	51.63
-51.29	15.08	27.99
69.84	79.91	73.18
-84.25	-75.84	-72.64
-95.57	-78.18	30.22
27.37	68.81	-94.27
-10.85	68.19	-3.05
70.56	43.65	-22.55
-95.02	93.03	-89.27
37.83	54.67	98.19
-89.63	81.66	27.06
3.85	-48.55	54.0
-40.25	72.52	99.41
-66.15	-34.81	48.69
32.09	-3.53	-65.64
18.18	79.2	-12.0
57.35	8.03	35.08
-3.13	-38.89	62.68
-81.52	-83.66	-61.59
70.63	34.04	-31.06
77.92	-56.9	-41.4
5.67	-52.42	-41.8
-12.54	-73.45	-11.6
95.47	36.25	-32.93
-57.19	-79.86	-27.94
-70.17	55.77	59.48
-7.77	-3.45	-96.56
-44.38	58.44	-40.28
5.03	-53.75	39.01
-51.89	-9.42	-75.81
-99.32	10.23	85.67
-99.15	22.81	4.81
-80.26	8.09	-6.3
15.35	45.78	86.17
72.47	74.5	-13.1
-26.53	-68.93	-40.15
79.0	99.25	92.04
-17.31	40.87	80.78
88.42	33.98	-88.67
-33.33	89.82	12.78
71.16	13.55	48.15
-66.46	-95.8	21.4
1.57	-90.57	95.62
-51.88	88.41	10.74
-37.22	34.87	86.12
-93.36	-23.61	9.21
66.17	-1.78	45.63
-10.84	99.96	25.8
21.5	40.81	7.28
-48.93	30.7	21.49
-22.71	48.44	-78.96
70.71	-90.33	91.76
72.48	32.88	80.02
-56.11	99.31	19.84
-39.28	73.4	95.55
59.16	-6.1	33.36
36.85	-95.89	-52.91
-18.02	-21.9	29.34
16.05	13.46	77.63
-66.24	-34.87	25.51
-6.08	1.83	-77.88
13.78	7.48	-75.33
0.34	38.29	-24.35
-23.95	-49.3	-71.57
-50.01	-17.25	-72.23
-25.09	-98.37	20.94
-30.86	-84.14	-33.5
-50.17	-81.02	-49.03
-3.38	-1.88	95.23
52.37	46.44	-98.88
71.3	28.28	-5.79
56.34	-95.67	51.37
-35.08	79.62	14.31
15.13	-54.42	-13.06
94.96	23.7	-19.4
-69.03	-47.77	-43.0
-74.08	-33.71	-69.98
-71.76	-69.18	-75.24
-99.63	-22.27	66.6
-72.01	36.21	93.63
-8.36	-80.78	-22.8
86.16	26.82	-76.08
-7.83	67.6	36.74
85.61	36.1	47.54
62.22	-45.51	37.59
-20.9	94.25	94.84
-76.8	97.96	11.92
33.09	51.65	-76.96
96.31	-10.95	97.02
75.62	-65.1	-55.93
4.09	-20.08	-56.39
88.3	-61.66	54.2
59.71	-24.64	-97.08
1.89	9.3	-62.3
39.93	27.54	90.04
-98.44	-88.28	95.63
98.6	29.44	-96.13
90.98	56.08	36.42
-46.03	-45.17	59.42
-9.53	35.21	-95.2
-61.95	-70.47	5.58
12.32	4.96	-83.9
37.48	-91.16	86.7
74.17	-93.56	27.15
70.83	85.8	-6.54
-84.31	-11.21	-58.49
-36.87	85.47	90.31
-49.86	21.05	-50.55
-95.99	35.34	64.1
19.86	99.08	62.8
43.33	12.89	-3.4
-19.96	10.06	-91.02
-89.62	-33.06	2.58
-40.44	-79.06	-11.23
19.52	76.43	-13.47
80.93	99.38	-54.92
76.27	43.23	23.94
-27.78	26.87	5.04
35.16	44.81	-30.29
31.4	-67.4	-98.17
-12.67	58.0	44.46
-27.72	61.79	-3.52
-27.82	-1.01	-42.78
-75.71	-87.6	-8.6
91.86	-69.62	97.36
-71.6	27.28	19.65
66.83	-5.43	77.8
46.42	-21.98	-91.84
-80.39	-80.27	-86.75
21.86	35.97	-54.89
-66.26	-79.23	78.44
46.35	86.57	-21.22
90.18	57.18	-92.93
-57.7	-68.14	3.78
-41.21	69.19	92.19
45.04	-90.83	-33.04
27.0	69.34	-12.37
4.16	-59.98	-75.16
-30.93	-92.83	-89.07
-74.42	-91.22	-9.43
-76.85	84.48	3.7
18.99	-58.5	-4.37
54.02	14.38	-37.44
-67.12	98.17	63.38
-40.54	49.54	26.32
-0.27	-77.86	-0.94
72.77	85.52	50.26
-55.5	94.85	-39.04
66.52	-18.13	54.32
57.3	-34.5	-85.22
59.89	-86.03	-27.11
24.34	30.72	-48.29
93.12	10.35	-64.97
-24.72	-70.0	-63.51
89.86	-58.36	13.53
92.46	13.0	-48.85
-35.66	85.81	48.24
33.28	33.89	-2.34
17.19	2.64	47.54
71.67	-83.14	-40.51
98.53	54.03	55.27
-67.07	-79.51	-10.04
-0.52	-6.28	-60.89
99.1	-59.49	11.64
95.38	-96.4	92.52
-46.1	13.96	-83.89
-91.26	-53.7	80.31
-6.42	-82.77	85.95
-74.12	-21.29	-48.85
23.93	61.68	29.78
-75.58	-73.6	-90.23
30.67	91.27	56.93
13.05	28.46	-20.82
67.04	-93.11	-10.74
8.77	-34.56	95.51
54.86	-75.94	72.2
-43.12	86.46	98.15
-65.62	98.15	58.15
92.12	-70.66	-45.15
28.54	-1.85	2.76
89.67	3.26	24.47
-64.41	-63.97	-36.27
28.53	20.59	-42.32
-2.22	-65.72	-7.6
-55.65	-86.1	-15.44
25.62	-70.9	48.35
24.23	42.9	75.34
-69.68	-83.97	-91.5
-83.45	-22.33	71.76
71.74	-99.59	-6.53
-7.33	18.37	69.38
41.17	30.83	-46.69
42.16	-86.14	72.12
65.47	-75.92	-17.08
-71.14	49.1	38.26
-47.74	4.95	49.47
-41.47	-83.92	4.56
-92.05	-73.86	-72.75
-60.08	33.19	-20.27
-82.0	-43.88	-21.3
73.86	16.16	56.99
32.24	62.97	-96.02
-61.05	76.59	-82.83
-95.19	24.62	-30.61
-59.87	31.86	41.57
8.03	49.55	-77.44
-68.08	-6.53	-77.67
-21.9	-68.43	67.65
-18.21	-28.3	-54.8
78.06	-3.66	90.84
-74.01	-25.18	-45.46
98.19	-4.03	-78.44
-19.97	79.77	-37.37
46.27	-4.34	68.77
-51.27	89.72	-1.29
71.79	-99.58	-76.27
-2.02	-47.24	45.46
73.43	-89.68	42.01
42.88	-52.17	-40.49
5.13	22.42	-16.2
37.29	-58.45	-72.44
-3.43	-28.8	-43.78
51.08	12.57	-49.05
-45.1	-74.43	13.82
27.43	9.63	-19.95
-30.89	69.62	52.68
-35.53	-41.31	1.33
88.61	59.52	24.82
-18.5	25.13	-14.26
-56.92	60.21	-4.27
60.84	-0.47	70.29
-66.36	72.99	64.24
78.5	-81.66	87.67
99.7	-10.69	-49.61
88.66	-36.12	-55.76
10.44	-53.79	77.35
-76.0	-36.45	-84.66
-88.91	-94.42	39.57
59.86	35.76	80.85
31.01	53.13	-28.11
-95.48	41.34	59.87
-17.97	72.59	-74.01
-49.15	66.17	24.46
36.75	-41.22	-77.08
29.89	60.81	11.58
30.44	51.26	53.32
32.02	-20.99	35.6
12.58	-23.48	-10.86
-24.55	-87.49	89.9
-16.88	-15.05	-59.85
7.23	93.13	-85.37
42.0	-59.67	11.61
50.76	79.51	67.01
-55.64	-26.01	-0.21
65.07	79.15	76.41
98.26	-25.75	52.13
-92.33	-76.28	-68.13
-45.77	39.85	87.09
37.29	-59.22	43.49
11.79	73.6	-74.69
-71.64	-53.6	63.86
-96.56	77.2	-18.89
98.58	-78.5	-18.59
-53.35	-68.74	-54.8
-46.76	7.82	-19.23
-54.32	-47.9	-70.31
85.49	35.93	88.97
-17.33	23.25	74.56
-83.07	-22.72	58.3
-87.75	19.9	82.66
-72.33	72.21	98.72
-96.35	-90.37	-32.74
2.15	-39.25	-91.46
-93.33	16.5	-81.86
2.86	-98.16	-84.71
62.84	99.92	-37.9
-94.74	-2.24	-34.92
0.54	-35.84	-27.66
21.19	-49.25	16.27
-24.02	-15.63	91.42
-88.24	-17.53	-91.09
-94.91	7.52	-25.83
-84.46	33.33	65.01
30.78	69.9	-14.14
14.9	74.46	-71.47
93.38	-0.03	-78.07
97.86	74.91	-81.72
25.26	74.34	-73.32
83.25	60.78	26.95
72.83	1.92	-40.15
-65.42	-68.73	94.54
-25.22	-18.37	99.43
-53.79	-64.82	47.03
-57.2	-91.06	-90.1
95.47	-12.62	35.24
-96.49	23.99	-66.08
-80.46	-81.84	-21.14
-32.03	68.6	-62.75
69.04	-80.03	60.87
-41.96	6.28	-67.65
-2.96	64.25	84.47
-99.65	-70.86	83.54
15.65	-29.34	73.32
95.62	35.26	-29.55
-47.86	53.86	23.46
-98.11	3.44	24.21
-13.32	33.88	-68.37
-39.67	80.72	42.16
-11.07	-11.51	0.28
45.91	-36.28	56.41
52.06	-42.91	44.13
35.55	-73.94	-26.48
26.12	4.78	32.2
-57.32	34.46	46.77
-35.93	46.27	90.84
66.6	-81.31	4.77
-82.4	38.93	29.1
42.98	-82.0	3.76
46.2	75.92	-86.28
12.63	-10.27	25.4
67.67	-41.22	67.14
-65.95	-23.71	1.0
-21.42	-96.73	-20.21
-70.17	61.98	39.26
92.31	-1.47	-84.85
-53.67	-41.22	83.62
57.93	81.45	-0.87
42.54	49.87	63.41
-52.95	84.3	64.68
-91.69	43.75	18.4
-21.31	-70.99	-78.55
54.23	-37.24	-87.58
72.4	30.02	75.89
-90.07	-59.43	78.41
70.39	-82.9	-81.58
40.4	54.42	-16.66
-50.02	-7.33	-20.38
-49.27	42.9	21.87
-29.97	30.02	-61.27
2.38	13.35	-9.22
-62.22	41.89	59.73
55.7	-25.84	55.5
1.59	54.34	81.84
-41.1	28.12	3.17
-55.1	-20.19	38.68
-87.19	-53.06	-26.08
9.79	-53.5	-72.6
-91.79	-57.69	-48.09
-29.99	-60.1	92.48
-98.93	-75.23	-16.82
-23.96	-86.34	11.62
80.12	-18.74	85.28
-49.2	81.13	38.85
18.9	-93.94	-79.43
34.61	88.36	-33.26
-47.27	12.75	55.09
-83.6	-99.73	33.01
-54.94	39.26	35.57
63.33	-80.29	13.97
72.84	-57.15	-75.23
-37.78	97.37	-26.16
-34.23	-7.96	69.17
8.86	-86.36	-91.67
-78.74	-98.35	-37.91
31.12	-94.04	33.92
-31.51	-95.83	23.04
-52.67	77.9	11.33
30.01	13.41	-37.29
38.09	50.3	89.69
-1.71	50.77	-47.65
91.76	-33.84	23.73
51.41	44.06	4.5
-45.74	-26.32	-99.43
42.59	-78.69	31.98
51.97	36.07	-38.05
-17.1	92.36	30.9
-4.11	12.39	-50.54
-12.78	-15.97	60.13
55.5	-93.92	7.66
59.73	-78.44	89.97
-72.81	98.07	95.11
92.02	-21.08	94.43
56.67	-18.62	-96.09
-47.13	-85.22	-46.48
-64.81	8.79	-47.57
-20.21	-76.09	-38.21
84.91	58.33	31.05
65.98	-44.91	-0.26
43.84	61.76	41.51
61.7	-53.21	-72.42
19.25	48.14	25.32
-52.96	56.24	21.96
76.75	54.26	-72.88
-85.25	45.72	-64.38
-71.38	-76.87	-60.02
-27.65	-90.94	-97.24
65.3	49.18	-11.06
-88.37	11.01	55.33
11.53	-4.05	-39.98
31.22	-94.63	17.8
80.85	-4.5	-35.7
-93.03	-34.41	40.15
-74.36	35.57	20.17
80.18	96.08	77.2
-39.34	-43.77	53.08
12.75	-22.69	50.03
-46.15	39.23	69.62
-97.27	58.25	-63.63
-79.63	99.98	78.59
-79.57	57.04	-30.62
90.98	80.43	60.14
-84.1	88.41	83.43
-43.85	-80.77	-42.37
58.61	-5.26	34.46
6.74	63.13	-63.87
94.05	-40.8	-27.73
-88.72	35.74	68.8
-94.86	-95.49	-23.73
-94.05	19.78	18.42
-41.9	45.28	36.99
-91.16	-55.22	-47.6
-6.5	11.33	30.42
12.26	-43.32	90.89
91.72	27.47	-73.76
74.21	-42.36	18.54
-78.39	77.35	-66.57
-10.16	-9.39	-96.02
-27.01	36.31	95.89
50.3	-47.34	-85.28
33.43	75.61	4.07
92.59	50.56	79.43
75.7	33.42	-91.86
-85.17	57.15	-93.94
85.83	84.86	-76.36
21.3	-96.14	55.6
-93.77	-87.33	24.56
96.04	74.05	75.02
-0.16	-1.79	-86.01
-85.35	-57.03	-96.45
-78.86	90.66	94.84
45.85	-18.67	81.64
93.77	-19.76	32.38
58.83	-72.87	-91.69
-72.97	-47.39	67.88
74.3	73.71	-55.9
-91.16	-63.31	1.7
-73.18	74.9	-64.84
-99.65	76.01	13.18
-0.11	43.98	-81.39
75.09	-91.0	27.62
35.86	-91.46	-57.13
92.32	-84.52	-18.44
50.4	-33.37	79.24
12.08	-22.44	-21.34
8.49	94.76	-42.64
35.01	98.4	18.31
83.21	-4.1	-54.06
33.5	51.08	-66.86
40.13	6.14	-15.62
26.97	5.89	-58.99
34.45	61.96	-44.91
-89.1	20.72	-99.84
17.22	-89.12	-98.36
-36.0	76.33	-87.42
65.93	74.85	-99.07
26.55	-59.08	-56.66
2.98	-78.2	66.37
-14.92	-78.15	93.51
-68.66	84.65	-39.36
58.39	-84.07	78.2
-22.87	-78.56	-18.65
0.02	75.81	-46.84
54.12	-3.5	9.14
36.46	9.26	92.19
-91.84	36.37	24.04
-16.78	-82.54	65.85
2.17	13.58	-44.68
-61.08	44.29	-41.4
-89.05	-81.5	-72.99
27.33	97.13	26.68
-85.29	-36.28	9.43
-38.11	48.89	84.41
64.52	-17.34	40.48
97.31	-89.83	-38.16
-61.3	-99.88	-67.32
30.31	-0.11	-28.54
83.12	-41.98	16.95
15.63	-15.2	-7.54
-32.31	19.57	94.24
4.61	18.89	17.25
51.11	91.82	36.94
95.87	-43.06	96.36
38.55	-95.81	-9.34
-55.19	-90.84	52.03
-20.03	86.44	92.01
79.97	63.42	31.25
-77.98	26.51	15.23
47.44	74.12	84.6
73.04	-89.79	-82.88
74.98	60.09	-72.4
35.74	44.69	73.05
52.21	-18.3	2.56
61.01	30.96	-75.98
-58.63	-30.27	21.23
23.69	57.9	-59.72
-5.58	29.61	19.58
-29.04	-28.71	81.3
35.55	-97.01	-38.34
-27.75	-71.64	59.73
96.72	-84.74	-39.26
38.34	-93.58	60.63
93.63	-28.76	11.28
22.73	72.31	-3.42
56.78	26.1	-50.32
13.74	41.55	-12.49
-68.24	-26.11	-65.24
92.7	-11.7	0.31
-35.93	-2.76	-99.63
-45.96	-48.43	-70.14
-64.17	-49.92	7.02
78.1	26.01	-26.1
14.77	20.39	-69.45
23.03	96.77	15.2
28.34	-23.3	79.12
34.08	-80.51	-11.58
-86.82	-63.78	72.92
-11.23	16.81	78.14
-5.37	-62.12	-74.47
-27.18	-99.58	89.94
-50.94	34.7	-43.98
59.18	88.87	-44.64
21.86	-22.86	31.32
59.25	-24.15	91.4
-9.19	64.08	-12.33
-77.53	-11.58	-15.78
68.98	61.03	-14.38
-23.27	18.77	-41.68
38.79	60.9	12.79
76.81	94.85	31.88
22.98	59.25	57.2
33.87	-38.55	-26.07
85.09	39.68	-83.32
-5.24	-89.9	34.45
51.85	-24.32	-65.04
-0.9	-38.5	-20.69
-96.53	87.06	-23.01
93.16	-92.7	96.39
75.33	8.53	91.26
38.8	-10.08	-26.26
-57.27	77.13	-13.41
-60.35	-64.09	-30.96
33.49	-55.63	-86.43
-84.78	-79.27	49.38
47.27	-3.54	65.53
-52.66	-78.14	60.46
47.36	22.77	-9.72
-38.29	30.78	-32.52
37.44	-6.0	61.19
-84.29	21.56	-91.62
-33.62	-58.05	2.06
-13.8	50.6	-58.63
-84.86	87.2	57.51
40.53	0.41	90.75
-47.45	69.67	-94.38
-67.01	12.98	54.18
29.74	-70.36	9.8
42.24	54.66	92.99
-76.58	77.03	33.67
59.71	-76.86	28.76
28.25	-20.1	-66.95
74.57	72.01	-10.48
-19.53	-53.1	-48.02
-49.28	38.16	5.75
-66.66	-66.13	-45.79
-86.3	-42.55	57.99
4.2	31.0	36.29
-64.82	-15.42	-84.86
-59.77	51.13	-36.11
-70.92	-87.79	51.05
20.14	9.73	34.82
8.6	23.17	71.47
-59.1	-13.16	74.35
-71.33	70.67	24.25
-64.66	7.87	-78.58
57.64	-45.37	-38.4
-44.1	-29.15	64.36
92.87	-89.47	-67.77
98.2	-84.16	-88.21
74.92	1.62	-49.81
-3.5	31.44	58.99
40.35	53.81	-99.92
35.98	-55.92	18.56
-98.18	-4.83	-28.49
-58.7	70.81	57.28
27.87	-22.75	-62.25
-21.13	-30.42	-77.11
-39.65	-76.95	-45.78
2.11	-88.59	-10.02
92.62	-87.49	89.71
-7.26	-27.14	15.46
-35.65	-37.26	-86.81
-16.0	72.95	-41.68
89.31	-75.64	38.37
-6.99	72.23	63.88
-8.47	49.27	90.78
-67.66	-21.51	-38.36
-23.5	-79.25	51.55
-45.82	65.04	94.31
26.99	62.36	-42.73
-32.23	-4.42	22.94
75.04	-5.27	-16.08
54.99	79.59	44.95
55.61	-24.5	49.8
57.79	-63.6	72.92
86.9	2.67	71.04
-61.68	-1.43	29.42
-35.3	-46.04	-97.22
-96.71	83.57	-87.32
18.39	-15.73	35.54
53.59	-56.86	-56.41
-1.76	62.47	64.8
72.31	2.41	98.22
91.11	-7.14	76.69
-33.11	39.87	-66.98
9.18	-30.56	53.53
33.71	-76.0	-69.73
-20.85	77.92	-35.59
-49.19	12.65	6.98
50.32	-93.07	-93.87
-19.35	-73.17	37.58
32.08	52.47	-39.03
-21.31	34.86	-15.57
-57.19	-66.88	56.87
73.42	-18.83	-25.94
90.61	91.31	-39.16
-9.78	30.51	-58.15
55.89	-59.16	-80.99
-36.9	-21.71	-81.46
2.22	5.35	64.04
47.94	-33.17	-62.45
3.46	-3.97	-89.08
95.44	21.3	-59.85
-16.12	-50.28	3.82
-15.44	-15.37	97.7
-66.6	-47.44	37.67
-43.27	45.79	-14.01
-84.12	-33.35	-5.46
-92.99	15.51	97.05
-99.45	-16.13	57.03
-67.36	35.02	-71.93
95.37	45.64	-96.15
6.87	-32.78	56.07
24.32	9.99	39.14
43.18	29.6	84.61
64.6	43.9	-53.06
49.52	-92.22	-25.66
94.29	-94.06	-92.4
30.82	-90.6	-59.96
92.44	98.32	-88.83
-62.92	25.67	79.08
-69.04	5.26	-57.87
-13.11	-56.94	-92.67
-0.63	-16.79	30.42
-11.5	93.36	-13.38
14.49	31.53	-37.95
31.51	28.5	45.73
9.05	86.48	-57.48
75.61	-13.57	-86.43
-8.67	-42.39	38.37
-87.66	93.47	-88.66
25.0	-61.37	96.4
1.79	66.88	2.0
18.84	31.51	27.87
-11.96	27.48	-83.39
-5.32	22.26	69.18
26.93	44.62	-9.59
-86.34	-26.68	-65.18
-49.9	84.13	-54.51
98.86	-25.26	-9.81
-13.53	-11.6	-37.96
52.12	30.52	13.17
45.46	-15.98	54.17
-73.64	-4.93	70.43
-94.55	73.17	-49.98
-83.06	31.94	32.89
-54.87	-11.16	-10.61
69.43	10.57	-21.13
-2.81	6.01	-88.27
15.58	6.28	-81.71
64.95	-12.7	-65.19
-52.95	16.86	37.76
41.38	-35.98	68.17
-6.67	74.91	94.01
-19.99	6.12	-45.22
-90.4	61.65	-12.26
35.13	-68.57	34.37
95.21	-11.19	12.13
2.0	-25.35	-24.81
18.18	-2.82	98.26
-81.83	3.71	24.3
70.61	-70.3	-9.49
68.92	-30.06	-76.79
-10.64	-68.98	46.3
-32.13	14.46	96.55
89.29	-12.61	97.29
19.23	91.55	14.94
16.1	76.1	80.61
57.11	-84.97	-41.56
71.5	-49.21	33.87
71.91	17.43	-71.05
34.42	-71.06	1.57
-69.2	69.61	45.13
89.98	17.72	-59.56
-4.5	-19.15	44.3
35.66	32.65	39.33
-52.84	-14.15	30.93
26.59	-82.07	87.77
-97.36	-65.06	-33.07
8.97	84.27	-67.48
47.85	64.5	69.15
86.27	-48.63	-18.23
80.47	91.78	55.75
81.01	88.2	44.17
-91.22	17.29	25.03
-35.49	86.78	-16.04
-9.81	88.18	53.81
31.8	-66.17	82.43
-55.61	30.2	-54.84
17.72	-63.29	-54.0
-27.31	54.67	96.04
-58.09	62.82	80.03
40.95	57.58	-53.87
21.73	-34.05	-26.7
-46.35	-54.63	40.98
23.22	27.31	-9.03
72.26	99.69	-37.52
-88.81	-73.2	45.07
-27.43	-69.28	16.91
-51.92	-60.44	-60.1
-76.55	38.87	89.83
-75.05	7.48	29.03
99.96	29.69	-66.56
-50.97	46.74	3.5
-92.06	-63.08	-80.28
69.55	35.19	70.2
16.28	-48.47	63.38
-44.7	68.71	4.52
92.99	-66.63	-7.25
-11.92	-66.8	-44.8
12.26	39.65	-75.76
-9.61	-6.44	89.46
10.47	17.75	-21.08
45.51	-38.72	32.04
43.16	-14.51	-6.05
53.93	23.45	-77.71
-58.6	4.51	20.9
-95.65	-90.71	-94.52
-69.08	-50.79	-72.36
59.8	88.72	3.39
20.27	98.89	21.97
18.99	45.68	-31.4
19.46	74.77	-84.62
79.29	-33.13	44.43
53.55	-20.72	6.7
-50.94	76.47	85.55
-97.92	3.03	41.27
-24.41	98.57	-88.76
-95.71	8.83	-81.7
-36.4	3.81	75.27
59.88	-46.3	-16.47
90.98	64.22	29.71
-58.97	67.83	99.0
53.39	-46.73	27.59
68.61	-55.9	81.27
-30.82	33.33	71.37
30.39	9.07	35.63
8.15	52.94	27.63
70.74	-54.41	13.26
48.25	32.45	20.47
-43.77	34.19	-69.7
-64.45	25.77	11.08
-50.61	1.6	-97.43
-12.11	43.12	6.21
11.27	-90.04	86.12
-80.09	28.83	35.21
-27.81	64.09	-32.76
68.58	-67.17	31.41
50.71	-92.79	4.77
-7.33	-40.67	37.18
-74.41	-36.97	25.43
55.47	-11.14	7.64
86.22	21.75	-17.95
55.85	57.87	-22.86
64.23	-82.11	4.3
32.7	-6.09	-9.03
-17.08	85.67	-54.25
-60.1	-14.44	51.49
-96.38	-19.11	34.12
-77.24	62.09	50.86
65.58	-75.68	-64.19
29.39	-97.11	90.37
-94.92	-25.5	-56.28
76.34	32.47	89.31
-78.67	-12.78	-0.71
-31.95	76.89	14.4
-97.54	-94.83	99.54
-35.86	-15.47	-11.42
33.16	52.83	-28.35
-85.37	68.9	98.82
32.48	80.06	97.64
37.34	58.82	-5.81
47.23	-53.19	76.7
-35.75	4.24	-57.05
-49.59	94.97	3.4
-25.36	39.03	-46.91
-27.52	69.46	60.84
-35.11	-75.19	57.08
40.49	-44.88	70.77
-20.59	59.98	78.95
-57.39	2.41	24.15
97.78	-32.68	67.14
4.63	84.34	-53.41
70.5	69.47	80.96
-2.99	-49.0	-41.48
18.25	-79.57	-66.09
-40.96	96.9	66.87
90.37	-91.91	-79.91
-92.58	-17.94	-25.08
36.42	44.85	58.22
74.55	-7.68	78.3
-5.38	-68.98	48.79
-24.44	85.72	-85.91
-5.25	-75.23	91.44
14.66	-98.25	98.76
-69.18	8.56	-52.82
-12.45	75.76	99.39
65.12	-56.99	80.44
56.82	84.81	18.69
49.94	-26.45	-69.06
-73.21	95.09	2.01
39.55	-1.89	24.19
-10.53	-38.02	6.2
70.54	-30.45	86.96
-6.36	50.67	-33.64
-66.79	-11.41	-46.03
2.69	-33.43	-46.79
65.39	-67.28	98.3
-35.91	47.65	-51.34
87.16	0.58	24.36
-64.66	-23.93	-71.96
-93.61	-41.83	16.1
-98.44	-37.51	-28.94
-76.2	-62.92	49.93
12.83	82.39	5.0
50.34	-90.2	14.2
48.21	-56.2	-73.03
-42.64	-73.42	-76.54
51.83	6.5	-23.95
10.26	-76.67	-67.0
-97.98	-48.7	1.83
4.83	44.24	89.2
11.9	-3.92	-46.82
8.15	67.97	-31.58
19.77	-42.47	7.99
-22.87	99.21	87.4
31.67	71.41	96.34
-9.62	38.35	86.53
-38.58	66.83	-58.35
46.49	90.22	67.93
-59.84	53.91	-42.27
-47.43	-51.84	80.9
69.91	76.11	-62.33
-53.66	-28.47	87.5
-77.34	-31.88	77.9
-20.59	-7.13	91.34
70.55	-96.32	67.16
