10000
34010
29597
2773
6851
17958
81153
95648
66624
20335
86021
72394
22171
72090
25223
43485
76846
86974
92136
52434
42019
86050
25395
6953
17883
39404
95005
35154
61080
85038
87257
67530
73949
3697
48025
28499
34339
27350
66374
25667
20830
40744
87600
67367
63410
81513
25096
64397
41476
25223
59012
99498
655
5061
79465
37902
84620
9488
18441
20250
5798
34156
76406
12667
5382
77041
25097
53161
78521
95719
1474
48458
99973
76465
84218
76740
96436
62384
89037
48465
63991
92164
21971
93993
78817
29962
34350
94945
2331
65576
86895
35097
84672
96856
31436
91840
98002
1174
67170
88897
47862
74585
24818
4839
55979
52163
55825
9330
80976
15033
65899
57289
53321
26317
79335
50991
24631
54207
87052
66046
10601
22024
55472
42655
41455
37024
24135
68823
15295
44003
69983
2428
27079
14514
47909
27332
57052
75107
77989
85672
47240
36511
26012
1073
41468
77189
80164
91773
80214
16758
55713
75467
36857
40407
50089
96699
12916
2557
83374
42371
29141
32072
97725
70883
68940
53839
10233
3966
67232
26664
3762
36229
68546
97385
39822
75428
70996
26073
81400
44407
54322
40808
32672
69037
36714
66737
72499
79192
72198
42671
39510
81438
76458
26582
17782
69861
73023
5465
68803
65960
70745
49354
8277
11457
40074
40423
82763
98668
1713
76943
2228
10760
39158
47917
72155
19874
5123
4275
22758
86772
42396
52042
95717
14795
15356
23931
97357
7385
18414
37816
79621
94811
7057
77373
6024
70633
97781
51788
68753
76562
25148
7195
33759
63711
37844
89334
27162
21243
53932
11526
49392
92491
30692
21403
58813
62263
88470
5582
29926
33861
9051
98843
62955
87253
91311
61451
22703
39092
24237
90579
20176
96358
39351
83224
34132
21379
20980
15683
81779
39841
68681
97167
32594
17582
79694
13247
28964
77773
3558
96278
46536
38296
25406
84209
53465
42745
42510
32619
10776
92959
31721
15853
76822
55973
58728
9357
12250
41822
89019
85096
70666
72978
62743
92254
38682
50239
76522
2014
65698
23379
71934
96997
19561
67078
66807
58367
30560
58956
58717
44269
71517
61790
81354
69550
30305
38288
38180
6263
63528
11861
59120
32186
56430
7602
47928
41878
17034
7182
9185
95294
55122
99376
3236
82816
28907
40943
61713
80024
26130
46809
21880
51975
55801
70679
86886
61767
43757
28745
73685
12860
23696
17804
41162
74785
84073
20744
22440
84840
58290
45620
47760
34190
75441
91103
52994
68905
47274
30307
11961
87227
39366
49906
16564
91984
53662
19409
93004
3104
38232
21096
50217
26772
60119
28860
41556
74113
3371
42275
8521
57914
89505
92828
71834
94168
65594
19629
38071
77941
852
25593
62398
99613
75564
78960
95565
87247
52972
26317
6062
75475
60836
19638
70348
92791
69449
98836
57044
62375
22689
95065
16141
32981
4739
9041
49755
60805
24589
98010
32590
25826
25123
20664
53571
76212
20542
72392
56436
93152
53849
19892
18987
20763
6105
34404
69766
73126
8372
42422
46867
4400
26743
32031
34071
98403
95147
18821
12345
84651
56953
68810
18140
7709
70483
17194
28851
2514
49018
13201
26271
58089
43091
76474
80858
46098
88706
59164
36089
14825
54703
40972
14101
15660
52193
19106
42505
66519
59090
25816
87080
20732
93205
89233
79059
47191
82934
72188
74183
87034
92074
67105
72701
52508
77301
75289
77610
36392
25148
4125
14553
14913
43736
49682
99632
23718
36327
68538
50452
38355
17188
53687
20423
35695
61187
6150
20147
81374
83368
97406
18920
10484
55691
7487
16324
72447
17047
87097
69710
33838
84313
57076
94084
33330
89968
11913
16425
3640
50651
9090
90455
36432
72556
51421
41599
46314
96045
49684
46280
70514
20281
18313
19233
53763
68260
52169
72748
84210
7895
14225
95034
64139
52046
95332
70416
35426
53899
66229
84573
30660
93460
98706
24737
34929
33310
608
45835
82636
24739
99583
43098
11127
19535
12546
70662
79506
11570
45003
58656
24902
13675
22357
50630
20872
42394
48390
76842
35390
49229
80924
99891
91518
70811
97252
79698
85446
64474
81615
39350
35072
6753
65006
93597
70325
5035
53479
22294
26732
45176
77407
1360
11384
5006
59118
60867
554
10472
9164
24980
80051
86321
63044
93920
18390
24062
104
13157
27176
94705
43757
21008
72855
93005
57511
68638
74104
20119
89838
60338
47848
66430
21108
79700
37570
88208
59681
35091
48542
38699
60544
32082
96223
9167
12149
29604
2160
31819
1907
75189
66135
41114
72152
90013
47588
64385
32921
42491
92002
28935
13325
64403
12670
76500
78746
57157
75119
75732
35450
97649
92910
28834
58293
90116
26072
35497
55444
94159
77551
81251
99490
26456
22707
75592
83591
33357
59312
80544
9377
48261
96845
7536
85338
1216
46619
56634
88046
39595
33925
70472
57221
99012
25778
59621
62957
36149
12840
39362
99640
53941
79086
77340
97667
98365
95893
93363
28302
28877
21516
19435
44633
96658
91824
14272
67233
90437
66519
67793
53467
49522
26444
86507
40424
54603
74758
37656
99199
88305
19341
85059
99717
38515
51641
57263
3288
64994
59758
92633
22715
81249
44519
55484
20552
58838
65599
51965
40171
53224
48582
1269
69970
88687
61034
18634
22231
7433
55
77343
21455
17810
65561
54439
28982
41000
31996
39753
93602
4375
53508
19193
53506
1619
59887
27629
38207
16515
94847
63836
93547
27156
66620
15335
77231
87697
88818
2294
2484
50184
93703
51763
76684
78682
55653
99479
85048
62701
35194
98897
52034
5240
29404
97780
75231
32389
23261
18502
90250
51960
35906
32012
37576
6960
37949
68646
12103
43637
67160
87336
50633
13096
23666
37687
8664
85614
29586
98888
19841
70133
63925
10483
14115
61205
36766
51651
96009
64238
97943
79474
1782
33874
14900
57180
79398
38899
51264
14071
56243
90954
62290
60225
29441
10979
84599
87069
19959
34194
35713
36789
50623
99441
63247
37896
45120
57265
90626
68979
93885
28070
69411
52876
3717
97029
97023
51442
77891
72635
14078
91150
22576
72420
60165
14299
14085
91750
57246
58389
75019
64305
98388
11425
56208
76335
94830
22463
26844
71685
12330
26606
76856
51066
79972
1628
12562
316
27803
93261
81770
36340
31668
89948
32807
31228
70370
34297
3076
77655
13947
67969
55711
90244
21459
26482
16563
95537
89997
54308
90716
34608
85932
28620
37549
41779
55830
88442
25585
93708
3033
21484
64235
59883
73704
9836
44858
40376
26752
92636
86611
78907
20645
41746
16179
36889
4834
18160
60374
5253
46712
91901
49756
32993
45080
63267
97199
93617
89890
83038
52532
62491
94022
65267
71705
17036
66628
63430
56187
60862
14422
11157
72651
40595
49284
33522
49662
98551
31134
43368
54080
32276
24168
2223
5693
88691
92844
21110
596
79589
18893
9533
51707
2346
38499
94003
57945
49712
44481
80844
85684
63357
91822
41051
99772
64295
34315
69534
94424
10413
18940
79959
22845
41107
75254
19219
92323
95823
84420
91694
31225
49167
40798
27550
47896
77433
43533
29061
46451
75453
40711
14651
94086
51101
9716
96076
39711
17600
53058
623
35863
53162
82746
40216
10754
89727
6958
56470
53827
71629
57014
30397
33749
75499
6772
39154
6812
40394
66885
64714
62277
51981
46106
37004
35621
65623
51611
79084
7415
55540
14122
88575
12606
17556
6324
88973
29686
10955
56529
20012
89362
29320
96858
72811
50537
98859
92645
64550
1979
79029
67174
25909
29007
25324
93693
37708
13426
97226
10713
48890
86930
46514
75933
38696
31766
3582
51914
34655
23983
97629
48292
52110
44639
17128
62187
5479
93645
91398
5367
72340
39669
85411
6413
22903
25857
59008
48057
77388
17844
53127
5702
4873
51620
95603
3294
51757
62290
10716
32416
56772
44484
35714
72110
60517
36116
76196
11447
24403
48364
26965
66079
58483
75303
81818
8174
24789
9015
92947
42216
44886
70337
63749
2879
66340
83572
68752
18471
95704
9164
75935
70775
80524
31880
17989
29125
40793
53400
67897
7302
52410
31563
36712
94245
57036
24425
86785
42861
29090
33103
85480
73176
49392
77287
70345
19770
53555
74483
13553
12163
10759
68883
8125
47489
72182
75657
60964
26121
12010
28046
25275
35471
59526
39823
73306
46639
72827
19445
88034
74693
489
37485
8689
95430
94646
79574
79829
33138
13273
43897
10581
27840
26141
42641
15326
96544
28636
32235
46504
5179
69004
29957
32232
44985
35367
7719
61672
26917
83893
27637
81842
4576
3154
83834
98814
78059
1681
35496
94985
17380
83173
25961
63586
55000
63628
20317
33366
77650
26122
45851
53538
8427
38338
93791
50390
87680
67630
51843
38988
16524
77798
18180
6918
11594
77201
62316
8341
69809
70775
7595
37955
77289
74754
56378
92783
51695
71313
76513
2100
54882
3150
55164
63597
78843
16644
20577
84517
2078
28839
2373
88768
81220
63437
37697
60951
14205
50716
89707
31229
31918
38497
84079
94251
70769
84658
39338
58281
94271
47579
40754
52496
89027
63330
99840
14555
94474
73767
37891
91719
24886
40179
73696
93120
19222
12164
8892
74246
37900
86128
25201
47172
10531
80270
85766
6843
89916
57922
64038
7221
85085
5737
87514
95883
62798
23935
44394
33070
81376
13983
94238
7550
51214
22985
59336
13305
66545
98021
75178
47319
28913
40715
69421
62270
83084
76018
87061
34486
87573
53740
21021
42685
59452
47307
92955
48027
66353
90939
92678
72954
32227
67260
7364
81994
15990
74702
45359
58506
26641
94945
99904
90987
21476
94638
99729
7801
52264
24628
76119
22876
63457
50447
37879
23005
88690
36516
24010
60487
35634
17006
27523
59703
5507
67089
80023
20148
23030
79650
78934
13927
34841
13544
62730
59722
36146
11856
83241
53908
83823
73541
69907
27564
47912
5256
98281
5865
88029
36100
74847
33304
27240
88463
98527
4381
36503
60081
28371
50759
13047
32728
90533
17963
77939
98826
4771
61428
84372
44336
38710
37109
25846
19221
10894
73213
13906
52300
89563
77528
82554
49900
79661
79997
68893
25484
83059
55726
53040
43205
23023
91988
45144
58224
77354
98078
10356
46184
2476
79262
57766
18940
64751
10754
92683
68792
34959
10261
40844
849
38174
87768
11276
71421
54344
44697
35624
4241
74466
40784
26972
60967
19362
76645
33976
95374
73144
36415
19230
46149
71804
4554
2270
70948
91407
90813
55398
68540
90458
65060
14365
55376
25007
27030
84170
88029
75411
31458
42749
76285
40419
35796
32817
58491
15282
45081
27590
48825
1463
71985
72692
42444
68915
34307
67023
71536
69065
40591
43392
67822
9599
10774
7658
93728
39937
54103
59755
8449
84736
78952
39039
25213
73951
33020
1117
45542
85555
43624
12980
12104
48260
45373
56712
67125
13241
8663
37742
7521
67340
86657
83576
10932
33464
88452
48932
35701
91055
82241
69119
99285
96168
12091
78384
49658
78843
17900
21938
53923
89299
44573
68173
98518
12943
82869
38732
40050
37816
99096
8592
71701
62660
83519
22394
35964
45312
28637
41086
78106
60144
67625
10608
71150
7737
55649
62023
15064
44409
12695
4293
7876
18110
62269
79556
53339
24511
67565
10204
16275
23314
22372
44390
86112
50366
40754
12681
54037
32588
67994
5060
41468
51137
9216
59941
99891
11257
30470
26744
55615
75421
14656
21555
37985
66745
34608
57603
6940
14593
31609
10883
74515
89460
10931
24481
907
15560
49816
69170
52251
24892
14598
29738
676
56184
62077
29077
79903
68439
7306
86405
96612
12206
63719
47957
48544
14134
7928
42109
36538
86878
74140
74243
96541
99095
14329
92856
31454
92411
97053
70916
8046
87459
29980
86886
84570
45856
41245
79163
23589
4001
99153
20657
4759
89461
85104
86518
23589
66608
97878
18195
8946
40988
73842
18872
15071
20038
72939
16175
93807
74576
96397
66095
92060
54577
84348
40537
4124
46779
76131
29771
95893
65337
43609
65538
61589
61486
5025
69419
44139
5901
74164
12111
22755
91812
49693
42266
88944
701
25422
44848
95774
90595
68571
48425
62335
21365
7660
14332
20855
4539
23423
95869
58170
37509
56246
41765
11821
37847
53441
15030
24980
1712
17255
23484
25870
46028
93948
54180
78408
23798
25140
16733
66938
54722
75408
8341
43485
52468
29778
8520
7506
52736
61539
39053
7676
13249
90101
65309
50928
29916
14837
6328
36426
83473
22287
70426
47927
52605
96967
93086
42007
43150
88975
16894
23328
63568
21917
32794
85266
31764
93074
43952
90984
40108
82435
22812
99346
11334
55008
29095
63274
9681
84170
92589
53694
46828
83609
57565
65229
11907
31446
10920
44907
56859
63351
20899
70954
92258
53190
39471
14795
77363
54524
10263
29668
42364
50340
41335
82126
54262
35350
2217
26947
57326
16961
57150
1979
62244
60317
97770
23908
14797
82911
25829
51921
19376
25227
10229
40211
25576
71332
95841
50226
51031
14940
50249
98009
82328
90085
32791
81701
57621
10520
57986
81222
43178
72571
53609
79717
43997
94181
58367
87835
86654
1306
85074
75990
21977
17305
57963
1372
6440
15638
23521
49684
53472
20205
78944
50759
12729
79536
56113
99104
10081
81712
31855
49709
85641
75179
92730
49247
22449
75983
4286
8188
26554
88801
91261
2407
33138
77152
3557
75572
87371
53152
50358
44017
43559
44234
86560
62131
48167
27290
43696
38375
57252
73865
36928
95851
65774
8539
45875
15882
76579
98168
88128
48597
87159
29334
88262
79284
92054
27790
49070
39965
54131
16627
64481
17543
9718
54908
23908
77412
92652
61911
77597
50786
95517
67913
38910
98336
14305
77387
19688
22197
19915
61955
58322
52151
41658
59
23326
74709
56918
56616
42774
77649
11392
52908
53299
17974
67426
33525
96313
41481
53224
5219
29489
62457
6232
60147
13384
70751
29697
66775
36381
29133
18698
56953
87423
77297
51550
21001
1216
96122
69067
30504
60955
72685
64
38285
98233
72337
15031
66367
74184
9852
53887
87248
68822
40628
7991
33478
7615
13641
49515
69675
93012
32951
31817
22692
45346
53038
6211
99561
44423
70750
35979
53896
22553
36154
10227
85270
7608
13551
10247
63403
82813
30580
51211
22631
52561
18604
74954
31139
56164
61250
13723
23198
85586
17366
86526
23451
86240
20129
57711
97875
3163
26357
51259
49775
57862
78627
39133
63082
28023
64039
44565
82497
92558
90544
60174
13824
45632
76412
89359
43090
70441
56886
82693
90276
93213
99634
34570
69169
35165
55818
98872
15898
13430
19012
20142
15573
75293
41404
28606
21593
89509
44627
51678
30024
38454
34190
83272
37702
58989
60316
59854
89055
78155
16219
57421
98179
63114
52073
32148
7655
22078
90272
84891
11811
93373
75792
88604
43972
74129
15924
41154
41420
35905
52498
67688
67254
54665
25515
79599
91149
71181
32240
30937
30739
34433
74126
58285
43749
10981
74263
28948
37174
75432
34103
10666
36889
45285
64903
3601
48945
6353
34824
88083
84187
79652
85120
96058
59116
2847
94078
57739
17073
8125
79390
55472
95504
28267
81927
29083
88757
4550
79933
20321
89577
49364
36146
27170
60270
4423
23924
64229
68622
97819
57832
76639
20954
89882
96606
22076
65930
27801
21916
6520
54654
2657
31507
43306
18568
30380
8660
73727
79583
68827
20625
35488
15895
34363
43506
42082
27564
30469
34102
29920
41983
42563
21808
93226
5577
13986
99224
41740
67101
4512
5646
89201
30145
8603
81157
82425
92826
35969
21296
55528
31372
73504
27144
5024
52799
51490
34669
64139
64725
2386
46821
64416
37492
98702
8731
71275
13087
21829
91409
29690
68353
12618
48417
96552
75377
8532
43196
70977
35174
55944
89294
42003
31524
99086
57295
30501
8476
36546
12266
48163
20655
50438
41293
20311
78308
96806
3661
83432
68074
65874
98577
54865
13141
36623
97041
28439
45196
1054
39313
37432
86451
77285
44256
55563
49951
19426
90421
38499
3259
79890
20159
89677
71356
97307
63556
16993
85050
86190
39569
80461
51861
70564
45303
24919
84503
84482
95581
83689
87207
78457
59012
8192
60425
63939
99616
49902
44066
46875
99409
1514
97615
50101
57534
79960
63269
67598
64797
78853
52959
46065
14705
63029
22188
18548
44638
1409
79766
11349
62431
5924
93753
73955
18893
29545
96751
38599
98514
957
377
64949
79012
90416
51368
82269
64532
26369
26390
44992
29144
80068
89808
32874
27072
50352
94030
41992
53006
7277
43006
46342
5983
80656
2317
51035
72174
70936
4501
16531
54139
7289
66483
18825
97581
14733
29230
92045
21789
30230
51071
78825
9725
76014
68723
62244
40073
33814
92243
67997
80637
38181
82710
3263
95491
97710
60250
66554
4204
35777
15735
55844
89658
16890
99352
24409
41279
15344
50270
5217
8109
21089
23852
54042
24779
8628
80068
76476
75730
44763
91392
8608
25930
34298
97349
60540
93234
6765
83515
44241
75768
2019
3177
32783
61354
91006
31900
5882
45516
72660
27983
18301
26411
31001
38722
41832
15794
64105
65885
58570
71425
33773
24809
90169
36218
52170
86546
50684
70729
11738
3759
12412
90309
81452
47120
79796
4571
58102
64618
17018
76814
27836
463
72805
39979
20473
81441
83072
24243
49064
35230
38110
43384
85644
9156
7013
92851
63204
55280
28807
15342
86872
88551
18918
7667
48227
39444
19766
98389
3285
15418
67596
53457
72982
98066
42809
39940
49471
48875
44468
55291
13199
41908
51347
41003
88991
6240
35871
42663
46078
8110
32913
85616
27022
75351
65062
69886
26463
96290
22455
7101
51886
64374
33473
29528
80458
94772
10213
75888
81980
79289
74392
77293
74722
32010
6785
93311
37165
16919
65325
71991
40795
36105
54041
57052
74063
8407
15020
3259
58183
86681
37201
49775
2094
67978
89438
11584
15545
80487
79910
53757
17326
44992
76215
66364
65861
69307
29797
57035
30377
50278
20712
68911
25838
79110
85481
527
86561
53245
5930
69100
13120
32269
89160
57325
17827
57234
98766
70156
86526
98079
84430
89568
44302
13765
9133
59616
18025
50076
33942
20612
46145
20102
76538
50909
67295
33299
29735
10787
52629
91709
13166
65370
43929
58219
22304
23549
59801
5468
60950
98305
44928
82008
82128
95417
50743
88401
42966
34823
84457
54316
93621
28992
12297
39747
5489
11876
45452
56971
87251
65308
79471
31740
73366
8708
21837
90920
33616
14809
5973
34902
30273
83017
44984
50191
29593
88853
69232
9890
63580
92733
93205
54047
52618
63892
97869
65230
88104
26586
6133
18351
29990
89050
20499
16680
91657
22029
53434
77754
89402
40906
97807
33636
91467
41169
64858
98369
2496
47721
24559
65747
18441
92293
2369
38304
56588
64807
99544
61971
49619
72307
95027
74388
52630
68856
75995
59674
18949
39810
4420
82874
75769
17228
23502
3407
47130
26844
19256
81941
75117
68216
15106
63718
32962
87257
79222
76321
55368
38543
58524
48977
82580
50461
17453
50227
6657
17081
65073
18030
9818
56716
3439
44192
69902
25160
52977
44772
18072
69036
88625
48986
34306
95877
64166
30440
82705
8512
54928
19836
9221
78476
58458
89712
36953
88928
59727
70416
2556
91210
55728
5088
98196
5103
75171
57795
93948
1801
4472
75779
31221
69687
74651
96439
80329
27303
86967
77399
49966
81085
5902
58594
98841
33123
96732
24687
34857
35931
30335
76439
62456
63492
78502
7051
13792
77885
34906
61625
68308
18593
51686
49684
86277
20980
29662
78465
12388
81129
51213
83918
39860
76034
88096
56435
36041
55196
27837
63081
85115
39015
39743
34493
57355
91061
16961
44052
81351
41559
11665
44080
18030
36336
66555
90696
73690
79258
23951
88130
26568
78675
18326
88595
79412
94128
15468
9329
68621
42284
47926
30658
13063
35080
20395
60410
88506
23674
70584
92766
74082
73999
96947
48927
95133
6681
28446
94654
14803
73152
44777
14873
21455
25884
16190
76999
12382
95408
51836
60382
87560
46804
90937
50147
57198
49037
38345
69559
58244
33662
42488
44191
79385
58763
32125
75850
95796
98527
63316
81040
4971
17815
50105
88407
63426
36173
91500
29573
15422
79842
74349
76693
41273
51744
82782
93088
73651
86399
81674
62625
40962
72510
44770
59375
82430
60662
490
74538
32957
88327
5586
16310
45062
47924
90593
37725
23914
39989
59203
60179
68943
73988
93650
27042
76398
47395
74497
92560
19625
37633
27429
93445
47940
71355
8948
5133
12764
82087
12380
23682
94096
73778
31697
62778
90079
98017
16445
91511
15830
24743
80907
30831
10816
25767
50247
20575
25186
2874
10403
42088
31905
7608
62958
79135
49139
6472
34620
58144
48144
30919
96281
17965
20932
26941
8110
64233
39078
54032
4045
53654
72069
19594
72719
20969
13998
14255
15132
77527
1185
33249
4544
93789
89713
97507
6354
60669
22770
56206
46799
73490
97526
15639
92574
95116
97699
39714
1633
62186
3757
68229
63355
13852
37267
13314
36630
44321
21051
50576
74609
55399
60635
61373
15118
4972
90376
38734
19386
31910
62335
26993
45554
72419
16412
41897
38258
70548
17963
50529
87662
18469
62806
79400
561
1435
83683
43546
76075
56753
97171
51223
93322
9751
28941
47528
61838
57116
78867
69861
85460
79135
45986
80211
61829
21770
70615
80178
72165
96732
23965
88593
15528
53931
90086
98688
79158
78011
17320
16571
22831
24108
19839
69971
40796
46525
92128
11272
67056
18652
10429
30991
15857
21995
15405
90695
76105
56120
87184
87504
86280
2425
30255
5034
54783
40985
5233
78920
42703
16443
68423
95727
43678
72686
14699
78393
48118
83355
22908
3266
69417
10160
29838
73497
54722
49148
20861
57877
8133
51107
92452
75273
41909
18540
19643
25846
72233
40573
9577
51398
71754
10777
19813
93829
65982
34754
7275
32186
64564
309
21127
71182
71767
8426
87057
80747
87540
38560
7150
73920
73669
48444
91693
85379
66627
66139
94690
76725
62224
47724
71704
5659
71908
95242
19950
18824
75593
20165
67440
73419
27577
93312
30667
60984
75027
65976
40744
6207
15019
97982
73046
64310
2843
96804
61987
3859
43917
28355
22610
98009
99834
35676
43816
81754
78495
78897
7687
4156
64881
34348
76738
8713
70322
30058
80204
25544
51516
3384
40766
33950
21475
44840
90883
1526
76240
5297
19413
92176
39603
22293
45263
44401
5216
35635
39989
57622
4157
56656
74358
92052
55349
88613
84621
18838
27029
77979
59263
33519
65706
34798
48478
36471
17623
29474
24599
44529
16244
81423
19887
65163
77228
9298
55929
18132
59518
83662
61799
45420
41103
26913
26078
32630
47442
4788
50132
84353
21736
87901
39210
4868
50339
35831
87978
2126
77696
46372
39476
31595
840
65440
92193
6498
62339
14059
68049
70804
3026
81333
98239
55325
50260
92053
99103
99351
8293
47729
91436
70027
44795
39515
8732
86795
59694
72538
47759
55868
52142
20414
50013
5502
91095
4952
7425
97805
35883
86573
75922
48864
14118
48785
90290
661
27131
68481
93280
97807
49191
40617
35775
58645
71796
58121
77587
94048
90359
91226
43988
9026
45518
56113
10856
54469
84140
18221
71739
73543
46482
98549
82901
62473
88805
84045
11058
2984
87743
20052
462
47195
68399
49641
92440
55249
85528
30016
33821
11280
11181
68544
46070
84408
10910
83693
34897
50488
15768
91074
68975
12084
49436
94810
95092
60385
81445
38694
61605
12356
34329
9401
84490
57633
14732
26223
89094
85918
35633
2131
42292
52731
99810
73796
91315
56148
83928
86836
19304
51562
86723
87970
84794
81638
56609
14234
17439
88794
63276
75910
90628
73230
27061
56091
25121
74369
45223
98200
89481
73681
42846
73283
46132
49421
40596
87529
56853
92320
77237
31680
34944
12170
32353
38365
22636
50561
57048
69883
98695
31965
89655
53789
85274
22980
76670
19702
41488
41248
65803
78367
86602
13679
44651
56812
24948
46493
72418
81159
46253
73897
34524
29327
77674
51705
9357
360
70977
29203
47462
95684
70362
89126
15723
22958
12511
87320
1525
57457
95326
84553
75994
62549
17998
64602
25578
85622
21679
14685
36715
7271
68215
25978
60230
63299
7231
50930
6635
32143
21526
90911
79913
32969
58663
99975
63587
28602
2184
82601
87328
39491
52318
83995
93402
79406
28439
74115
97835
57339
77359
15890
92753
71043
95593
62844
46271
498
33500
20287
99132
76747
12912
46182
93608
57258
17468
99271
15501
63570
79293
65807
69110
74868
77591
97007
11000
83618
95907
10857
7471
26111
84644
73052
81830
22240
72792
29745
18048
97696
93448
4029
9654
79935
19451
24069
57732
74628
32608
50483
72186
99554
23819
72333
59842
2809
67073
30766
77034
11655
34950
37459
73033
95398
27658
9360
50395
47349
77839
25693
39668
23837
15479
42759
93240
46812
98733
31969
52789
87725
14842
94129
53421
59211
8257
95857
72881
88915
95448
15365
5820
23362
12818
13357
34383
50844
70907
4009
76528
75768
28499
44640
96356
41907
5085
68509
848
95517
24141
43339
15947
3132
19550
20247
97304
42634
66722
2846
77716
83534
95040
62360
6973
51944
34533
7668
90498
9043
82270
80002
50100
14957
48546
84195
60745
72744
32961
91042
24452
96041
21474
70376
25057
18118
16363
64010
22609
45133
12847
90694
28518
43083
10507
1464
88507
18708
66077
33581
63518
92458
57846
76717
9627
71639
50419
76224
80231
95180
13368
85743
86777
38027
60365
9565
67220
63123
46072
42458
53465
81338
68199
96202
32892
35828
52432
41823
2449
62379
93119
36789
57648
94031
14427
21348
29369
41074
66509
97661
36935
64129
34810
62444
86275
21877
38281
2669
79862
93929
47918
78504
81018
12384
57249
51323
22284
14272
45801
31277
10035
646
33979
85439
59097
32904
12134
80503
21351
22747
66495
23580
60928
82111
79316
4204
43758
99789
37396
4871
7737
62498
17029
75887
19889
32065
46731
81433
29573
54248
8136
83656
81467
79692
20857
67568
68085
64280
38346
87777
22845
46935
5880
6208
74120
4009
78048
45248
13427
9538
76616
84018
49200
57305
68758
98901
16106
37915
92901
48477
67797
47583
92265
79669
3726
16561
63015
49006
58532
98229
37707
38325
58804
5349
45720
71708
41758
12163
604
81345
13257
17423
72185
8891
19779
77315
73372
95895
6475
33466
20805
94056
53272
24121
27730
24845
9910
30439
84521
97603
78706
42249
94510
19778
45544
77608
99077
69188
35888
60646
76682
39485
31595
40335
89872
76059
81801
30932
35144
31177
66193
7378
1032
63208
86346
13209
67239
90507
26790
44171
23244
10766
44454
1215
58126
84764
18914
28072
43678
67419
77547
12040
50302
83346
64508
89536
90621
17361
51723
87467
10382
20132
93101
40610
84059
25375
35695
72603
10036
6451
77652
73889
22939
56898
48923
34738
8283
58539
97202
20780
58311
89140
85278
18857
18812
81266
75345
87405
93767
28666
57747
24310
77378
78078
36302
32696
99621
46464
20314
7730
12219
82480
4105
54803
26991
60240
86839
55403
98664
87395
96167
23888
59662
74599
37825
53378
47324
23293
96308
16525
63881
72799
69975
50460
24365
98693
91426
15946
90217
3350
79196
22718
55165
23436
8767
43567
7989
86822
29635
1987
31898
49051
3687
4840
2245
91261
65475
1131
51883
59232
97779
46078
80564
41747
48244
97090
16268
84224
67723
97931
96245
51799
36873
76452
97368
3602
96899
46527
73922
44332
16804
10829
70816
79849
68006
79776
98014
43696
55170
31515
23024
95578
43985
41815
8730
60705
44691
80180
52435
58524
44221
10388
77908
77873
60702
94484
13694
87023
57522
7201
56856
97805
61777
25865
48448
75897
69079
69014
9203
12636
56330
9928
74051
74938
54867
88576
92356
84701
59849
9836
45650
61588
40402
13376
89373
81999
26491
37783
76148
53353
58999
25492
59903
14683
13395
75014
42048
28600
78500
32666
7970
57113
23778
45357
23864
86515
41682
73819
63776
60974
62332
62815
69957
45760
13478
46801
31186
64843
73861
88792
49475
16807
66189
98594
16278
51343
57461
13788
45369
35081
4198
51336
80454
91778
41388
51466
48906
96933
80077
14774
73866
53222
42546
58661
38811
64809
86436
73642
2503
90438
32513
7596
50213
64910
68630
96702
38611
86876
13055
58493
76644
7886
16371
43575
42607
33341
89443
93019
23472
38956
9871
76284
81033
53613
64496
59775
86285
17046
85737
39015
81048
1620
2736
13752
75453
50914
55947
12447
14085
22401
22120
12429
21879
40317
64087
72754
75505
78895
21105
57925
1879
9906
17874
48642
11850
55069
41845
61832
24126
18014
62137
31030
4355
65436
2589
61148
41127
91285
38946
28751
33549
7003
13171
45601
63137
8666
74532
4630
87642
75489
59869
33418
2324
86384
15889
79146
60427
26473
17490
76323
54130
90726
88116
38043
82254
24594
70148
72725
83477
56285
72384
57529
64459
96701
39069
55022
7341
33861
28557
45359
79373
45277
53817
73102
38379
85251
81005
73382
12699
82416
10848
4371
45102
496
42209
1545
65422
33749
63226
29038
20712
99167
61064
19924
49244
6840
9356
4794
55586
79559
68013
28702
91898
64880
94486
62051
42284
20827
78625
10746
32210
38068
36138
37553
14372
28584
81068
63330
15167
82298
90613
91929
51415
91326
35013
25648
14750
7136
53985
52347
86223
82332
80035
48365
12283
71469
78740
80749
80659
12520
32638
11442
17443
20344
81552
64208
60830
12757
71538
40280
67275
40602
87240
60842
32951
8774
44647
29489
19861
93700
22831
86634
28027
83891
51493
9901
99627
63056
23767
47737
86670
47199
60736
81272
35849
51119
42329
96296
48520
46227
47785
93835
43239
86100
34354
83211
85098
35229
67937
48666
18338
48724
8584
40018
79959
31422
31429
90138
29834
53254
94833
80604
48843
6262
69180
32742
55185
52687
86467
41028
63478
17929
76254
45230
2980
20184
80328
73745
74341
23128
81096
88794
5257
34419
13757
64277
88013
23588
588
8672
58141
35428
84126
22324
47280
67520
90589
10634
98261
74509
47713
30383
50225
56264
50283
29443
62243
62082
81574
42644
78387
32960
32872
13475
15436
53849
8673
70432
91448
24223
93489
63406
38203
73292
72213
55347
22312
92334
30759
38740
41966
54037
59077
71028
74471
38761
11078
19354
67149
73460
74907
86208
64764
74167
10884
65089
4372
58620
63656
73107
64710
93650
59593
49766
21506
12824
29734
1708
84210
67969
71907
91203
88094
77677
79059
45661
74843
89970
42986
67869
50308
26616
91603
89688
61247
89008
89109
96359
20478
15660
84299
80609
76149
79817
99852
48251
30221
26946
66531
75416
35060
34554
72294
7758
97987
76254
10947
15956
76922
20405
41398
6843
58078
8743
10087
22549
45460
90601
42893
51091
72489
24915
87055
24674
62561
81032
65459
77550
44307
1933
1187
37318
82658
61782
19956
25950
54190
54936
97064
81270
13019
95233
48641
15861
29634
35093
84535
49506
86458
93137
45420
49886
15933
39782
56331
48721
10844
71788
82028
1070
62202
42846
44765
70420
59551
94692
55460
77974
33867
14808
69682
97817
47341
95024
87081
35479
57882
7935
94792
4190
22789
72907
93375
13676
18583
34196
13694
49391
12091
43140
13548
55021
86690
74590
52555
79652
72494
56170
32935
51715
96967
17488
10824
10311
82134
76053
39406
66801
72874
16276
28275
92734
23269
59358
23124
79601
85233
44876
84855
27808
23455
30465
80526
52092
21695
13604
4240
59662
61954
65675
46938
94666
73428
62668
37257
58303
1618
25272
10261
63436
89738
72674
39885
62016
37243
19580
65395
17517
16866
29959
24479
7560
95238
53237
19959
1983
4980
20705
8443
95777
7527
48949
69944
91973
75232
65383
73974
97831
30067
19200
28180
69016
82209
42873
24171
30179
30003
96977
17626
64800
87004
80791
93420
5262
24431
66432
24491
5538
78248
35351
52279
21822
3867
65376
98624
66725
57728
10306
93215
63340
32735
35675
3329
77181
89387
1491
69389
49696
98464
70953
82083
81590
15466
93139
65872
2221
37750
86816
18177
35183
92518
77971
84567
676
58545
92478
38329
37503
25908
12277
77969
54750
36248
25070
89503
20624
88934
16324
35279
4214
43267
65027
61628
12681
7617
37922
97095
14185
92106
27715
46949
59304
47031
685
14701
7180
1149
25128
7154
46594
34808
14380
65291
1360
1382
33370
43954
47257
31771
39693
13803
65640
38668
95701
8422
52561
79621
37992
58940
23333
55328
4319
72449
21493
57086
65153
55822
67945
20324
26537
48196
64044
94239
96256
551
35455
1470
21062
49214
79391
25391
13402
85856
78660
3945
68501
61932
28627
31451
34536
64932
86022
58737
64655
45386
74820
94143
90080
17997
42258
76294
3369
68936
23250
15291
18159
53316
19956
46584
60789
79353
29979
38273
93314
79304
39181
75904
28484
66997
40941
22162
14465
24215
63274
26365
43477
98046
78546
10363
97899
27056
90496
61065
37945
72946
14518
91815
89926
63801
24942
55049
95960
54955
48928
57072
4619
20224
23559
16323
24618
83618
66825
12946
58296
86305
3913
31883
22363
97471
43821
25232
64656
22505
66062
85624
16946
32011
61139
33554
31060
31903
24336
67633
56568
39930
2037
6679
19618
68358
50578
98744
56283
6784
47437
19928
50768
87508
13957
10749
88561
17524
56634
25526
32300
67164
10790
1394
83567
16841
1682
24228
79397
51627
89824
97478
41730
92110
60243
41484
98912
66986
97161
2738
41445
65066
84176
34870
77889
80516
67385
63701
68075
36411
90903
62953
68905
89060
89725
97235
37205
69418
20292
59287
79220
35991
46264
79048
26954
20361
68738
53528
74890
57719
11643
13032
2188
30908
55415
29930
15201
60780
5442
63086
97610
45615
16474
66049
42457
72374
81639
15290
71599
20669
31105
74366
91168
13182
16716
9627
35180
79639
53496
77289
32405
45919
73773
3170
57094
19223
88819
44658
29269
83001
36368
5660
79240
46838
87598
80340
62288
25669
37451
7144
88996
99659
62797
48524
99130
59546
18762
70042
80976
15289
19281
39378
38589
79782
9554
46707
43229
64881
37521
66923
97338
68752
46523
94246
30571
25935
36446
8754
91108
43372
41805
61195
10229
66375
99447
68570
93092
64731
60384
42577
74787
91584
96900
72368
38257
14228
67407
60439
2518
24087
27475
45293
96834
21045
59180
8201
20798
14800
20977
41760
26479
11882
83148
86257
15829
12759
84702
40498
9970
39353
52019
18405
85053
40920
75790
96190
96423
20192
50062
21361
63434
92550
41826
3592
16639
18895
48003
1353
1757
55580
33773
25208
96101
87261
49172
90446
44437
39040
52096
62609
52805
54711
81786
22920
14708
77943
14214
41303
2465
27221
77256
2662
92352
32634
33676
67707
40617
64
548
13811
90209
3369
15850
27789
23080
82190
63178
83687
89970
54210
74218
32706
62895
72233
98932
82430
29869
90384
60420
77226
24115
97209
69416
44452
55716
26959
82231
38561
41685
65528
82104
30193
34753
75388
88313
42720
39023
77710
38131
20761
480
19713
61410
10278
30615
41726
81161
65166
56431
47535
82256
9537
15617
16498
90549
52530
6524
73281
9702
83998
42864
63688
90664
91312
90282
58443
70078
40002
47018
76922
19302
82103
60819
16823
15111
86611
98737
46366
61987
73970
69533
47175
95039
59017
86349
88983
66511
8246
89158
98269
17146
2979
90262
46197
36206
58289
99220
45605
8961
36168
10508
62801
59905
75068
80253
85471
41980
6167
52120
65373
62320
65802
68401
54298
69033
79474
4045
99042
31108
83651
81303
86288
96765
55719
11304
82141
82354
95996
69579
94740
36363
62879
43318
25024
38335
34538
84532
98969
80856
32260
64978
85839
12313
97014
46530
1606
58536
79077
52375
13438
19092
83473
85111
96526
23510
34852
56752
55105
48087
41581
26828
65149
68437
23862
93347
26127
54961
35922
10974
99267
17980
38703
17535
6924
99356
85988
38686
95115
43886
34448
16165
69275
15745
40949
16064
46806
89688
41383
57613
1397
65660
23021
82091
60543
66832
96782
21732
93911
11948
20852
10882
19221
97159
97
75469
33567
14836
46661
80327
60970
1047
79461
44643
97508
90756
77470
4666
6220
47565
15675
85286
62525
58820
33740
30086
43316
7443
67481
15422
29567
78817
88888
49012
51195
70136
65244
12062
28794
93726
82847
29701
94425
70904
33289
49739
39425
90156
17863
72357
72195
2144
93068
52821
84348
68279
60205
62160
93867
39188
6495
65953
47903
84109
84493
39507
4782
82951
59817
11816
88724
67641
43763
31495
85696
37528
1887
19835
63044
92077
30113
59972
4047
10651
39863
89618
16609
52121
8826
51365
4899
1532
58720
40358
78384
89928
83879
89105
41020
84637
88075
51442
17905
82396
77376
93552
91267
84021
26837
42098
12800
89620
52849
2767
87786
99594
18716
22069
40173
95078
22630
87001
76835
43399
90709
34930
28707
73986
36684
21437
50133
44155
14855
34019
93641
10174
29852
51028
34428
37496
23580
36325
47072
96158
92831
27609
58732
6103
65865
93637
6992
45031
52795
51261
38010
15767
84059
14218
95987
3275
29643
46549
31630
30031
30563
82429
63867
91740
31022
41435
34403
32482
2865
56532
76846
84618
49233
77986
17701
55513
19206
53740
15323
35230
19224
82502
3827
72352
10662
46290
16845
84155
7324
32297
84185
34028
36556
24085
62201
22387
74701
97770
5773
26264
21654
17892
77590
94855
36826
20916
23169
10565
53185
92054
46082
40981
99181
15010
60021
48717
95670
25238
28356
42517
366
37681
60507
88186
56628
34688
63647
45579
42803
68644
43292
55855
73639
3675
54349
90078
3735
79095
20357
77385
85907
36595
21585
95717
79306
99362
676
67238
71703
95330
3880
32169
2359
40448
74406
91079
87349
5786
23579
36992
9872
44079
33464
6206
77225
24648
28785
53678
18179
60828
88743
47200
36562
61708
45831
62498
44640
10073
50822
18776
48466
52136
19988
96145
73374
71855
55229
86668
27644
19368
2774
90575
46800
43032
27880
3751
14035
24781
86325
18978
16501
86587
58098
96479
81864
67015
80167
43769
63749
16704
79894
63724
74871
60371
8423
48589
98830
99439
99773
70040
67863
73024
74071
33277
93624
8831
89906
34790
67996
45132
58388
18539
418
26460
82954
9704
93101
64490
72521
82951
53554
70936
3638
9587
68948
11402
59225
99463
80897
94559
59306
88677
85295
94866
31381
55020
88196
80569
95206
43209
5626
91091
16151
39749
85457
88160
55530
38144
33485
58184
14555
7285
191
96373
26262
3264
51246
30172
96278
89472
64012
12170
76167
1990
23497
77202
4685
12949
26471
20451
71957
70003
80095
72414
6418
14393
56111
82148
87350
64097
1535
5818
85873
31656
4351
32758
21575
82809
34547
91227
4218
32965
60240
53731
49550
79798
54494
99378
33409
9383
10409
59437
13125
70496
48086
33809
89696
76054
26034
26853
84096
76076
11672
50912
10021
86287
63743
94575
85014
72703
47698
80710
83115
56219
20166
82627
246
83522
67222
32640
32184
90517
42934
49639
2803
8680
32888
76726
72672
60733
51730
73795
82098
1857
67563
77301
64459
77888
75958
47739
52446
78496
79295
83654
38131
78123
35895
21843
76187
5825
11172
33021
61006
67044
83074
33900
45645
70771
87001
71521
28340
98030
56186
51072
17442
92700
13012
81345
77163
26500
388
17711
5517
30035
21453
82494
27984
50699
19330
13192
28155
22613
80015
30155
54660
58820
33470
25895
73638
61559
50300
42628
98465
6636
89932
33756
53317
70805
18157
4509
97588
43669
60954
82407
6519
36357
61980
47659
3967
85571
49082
28421
83976
92726
44103
64110
33074
94313
95273
23478
61708
61822
40077
66216
29013
99747
82187
54975
56390
90346
3833
4475
21232
12527
29818
50394
16016
54665
85685
75761
20236
70601
37027
1648
65341
39456
1339
67690
62038
379
22254
54575
97198
79258
91684
81270
65796
89968
57553
66019
22873
23738
75801
61400
39200
15208
82629
43944
81886
32353
94883
17247
64805
42049
8722
20176
99097
73570
67679
8294
75510
87017
84509
39803
68259
46017
40277
81321
20323
31265
80798
64200
33591
68884
10008
14312
53444
26132
37931
79546
3405
98576
22541
79350
73603
18363
72581
98939
16638
26034
38090
66505
35396
53851
4974
60930
897
53660
38282
92770
22252
4010
57290
61915
9837
9383
54612
19325
615
60667
95006
73874
24377
61984
27032
48886
33087
39436
73485
95852
41423
45166
38552
46813
7495
22975
69833
10557
21339
64231
83288
69555
24500
30525
43433
51315
44083
29618
76189
48056
75481
15150
59926
35975
54686
95720
28411
67410
76416
66417
94610
62971
70656
59982
92109
62253
68994
31062
2490
74848
81468
98789
35727
20055
32656
9573
37328
99667
57071
25616
97426
26000
78936
64866
64570
36332
59466
95507
34586
57354
12102
56008
34683
19641
45133
55739
62040
99222
46531
80707
86577
99006
52522
7582
32188
46184
28801
46310
5548
28312
56077
59459
41104
88220
32143
41319
43159
56111
36251
12704
19995
63618
73746
58951
18762
81415
21200
8113
92185
5800
28269
16548
20930
80096
45652
23340
1603
23311
77008
39255
67514
51903
36582
78225
60235
71346
48665
19562
38212
25320
71699
5451
58657
70530
26311
1355
83955
64848
22351
86673
66334
90258
5286
28126
72594
50644
26583
423
33655
80037
81073
42281
86813
56111
40961
20824
5271
14957
73991
44783
23407
47196
81527
80918
14461
87461
52219
53428
9280
94687
14296
66146
19901
50394
55620
57008
84314
43855
19189
90014
85216
16603
43464
45272
49403
41726
19208
29719
3310
27290
84470
81734
29898
95112
56050
99099
2198
17174
15306
99344
96233
88802
53899
8413
92830
48066
83609
44983
36773
44052
35837
5017
18438
71826
26154
37861
32994
42352
1106
89354
15609
42681
6577
10747
26026
82528
55214
68638
64768
12559
35052
88877
13471
61527
10349
43042
32067
39142
28687
86922
69165
61998
73211
78306
97301
71578
96293
64665
85068
44254
65069
63990
4236
38885
34769
9443
99239
35036
99728
18360
90096
50818
48952
58138
56083
47581
78268
75938
66201
67755
29408
35687
13501
5039
38757
49443
1001
62164
29578
86970
60166
41111
45863
28425
40566
67743
11303
12305
55344
36628
57165
22290
23140
3538
97981
37481
92604
93947
61021
7860
50086
91234
15183
57571
89218
25678
24174
1469
60680
692
91715
86186
13175
64742
76864
22992
55120
8317
66374
52394
867
30799
97343
85799
91842
48636
48471
70511
69459
42894
92139
34083
71522
68451
52917
12777
32654
13594
70985
19038
8715
61144
48351
4026
32103
64309
9368
88307
9478
19546
90124
91786
72097
85386
27015
76913
80044
42445
79955
60210
55638
46463
72955
82766
86060
40503
29960
33414
8834
98206
51640
24693
42883
42052
73913
82624
43180
41088
29983
18167
39969
74872
72658
2575
55941
1830
4152
21208
10931
98749
48026
87248
91450
76328
44454
11282
35536
62948
41336
74344
88108
41642
96427
8920
33609
95846
86952
90409
1908
63556
91868
26512
15211
36468
22742
49390
3396
76590
71
70716
99264
34726
84866
46551
19691
66787
52592
26725
71644
21081
93653
89838
25222
47821
78363
9318
72651
33735
90729
23576
33381
82075
91934
34573
37556
91790
23463
43617
79019
52488
82392
60380
44924
36634
18809
75299
61589
8894
30647
99463
82076
71671
46221
62420
69683
8731
75078
44602
8068
23903
4828
3912
18576
25001
49362
37724
80367
87025
54680
62544
38714
37067
79400
15790
34814
50413
3682
98756
39490
58631
55166
29756
7140
14869
21808
35975
69790
68409
64607
37450
28074
61428
54297
2131
93991
64606
3059
86001
81478
4373
14202
56943
75679
64780
1159
32096
39039
31137
38004
64449
95456
69860
90707
78746
88986
76776
95845
56734
87231
72135
49346
78266
3697
74194
59061
25116
44588
92146
19590
10651
26344
46313
41267
96516
6695
26695
39226
93233
95397
67909
68666
71966
81852
76230
61145
5762
40934
97017
25160
29835
2021
27905
78317
86127
34014
30593
24980
99677
26915
51405
11725
94945
79509
28081
11973
96099
96445
31395
97728
63034
13689
10619
39197
39473
4871
45704
61401
90223
52860
27034
45940
89758
15984
84030
77946
11612
46861
90822
21084
90207
67724
70566
61218
81233
12369
9913
30535
17115
46641
88933
86306
93580
92605
84900
75622
95035
36620
95112
96746
28153
46502
28399
64211
19089
17349
12188
29527
87118
6701
6610
52224
75990
99163
8487
21789
60461
7687
1063
55433
67842
10221
61748
63634
14733
33462
65272
61136
73128
39112
87814
22947
32365
10944
50640
67215
66376
15774
38850
35360
47625
80727
74304
62122
81747
35575
48779
71072
10074
28925
89669
42428
97753
11416
55449
94359
51184
41384
92253
74695
81742
45446
74672
28707
84189
62425
1909
66972
97787
43484
16782
13925
60080
7189
12965
48551
92091
66003
27874
7422
27
11366
1225
30488
41927
43087
44282
76378
19473
56008
55722
46920
47110
1533
21929
20830
32293
78402
82335
40473
36309
7175
18246
19655
69056
62510
51483
74246
65316
30032
47521
93153
63096
63093
97159
36791
45839
67048
31856
9764
17625
67847
93494
67194
24641
45976
44578
51131
43438
27262
24722
88987
74445
28068
43595
10866
90588
47530
43301
4073
80491
39868
90236
39543
5134
42059
20222
95097
49240
60385
45847
52663
19554
25149
82432
76815
72137
15
55934
53311
40895
99687
38168
12463
55708
10757
12492
57527
39030
29516
1028
23903
20793
15862
33855
30701
44712
80113
1001
73368
96747
78902
43924
70413
65129
59132
41451
83110
59267
26317
13989
4876
34435
48617
11972
71400
33695
79549
83201
18725
61269
48989
48121
69240
88797
32428
59359
28131
85527
13761
98361
29745
96621
68340
96388
82814
83193
94041
39476
33152
46951
98895
48544
52012
21348
50609
69509
25552
74820
83723
86091
41879
82275
85865
1986
75846
81822
20162
18668
639
29787
9153
12976
27427
6976
77175
41217
98727
37686
58247
77773
36214
84258
67239
31392
86613
65545
43384
4051
3441
76913
63774
37770
96302
97203
32171
64719
56944
70474
52472
38178
85127
61638
76079
54714
79803
84520
73792
82059
64580
42301
80742
66545
4341
40682
99965
64296
85711
4720
60323
59282
53230
13936
90952
5940
40730
15671
45035
72668
27945
40034
20756
18888
61851
64027
28739
11064
74666
57433
63705
983
36191
69758
47203
17515
92265
81397
30050
87466
87810
36683
63016
94794
2187
43153
95368
49510
63212
34744
69452
43959
85129
61098
60429
50343
53121
50291
65871
79758
82629
13699
65892
99370
69980
13071
58839
70385
26836
44568
51481
25225
12918
33384
32608
43642
81562
99658
81015
80517
15566
84006
14522
95018
36311
12786
5896
79550
73533
12697
81834
48537
8542
29930
91846
81540
96980
92996
71345
45853
59425
25451
1791
34273
27679
54705
75360
1677
16055
515
52637
20216
91824
30556
34253
97633
87100
50525
87148
9138
972
39707
37008
5303
36520
10891
6828
81086
1365
66275
67095
35574
91173
66148
9462
54924
86324
84812
11750
2663
78397
846
53225
33379
53844
37856
13016
66757
24841
1497
72241
43221
78630
9733
41696
2984
84745
69107
94419
58183
26498
52494
56391
97832
45172
9642
45477
55992
94224
60930
80440
44586
67315
27940
90561
89964
71594
17876
80146
18851
86601
91725
32645
13468
85707
66158
48672
9677
49159
43521
64869
34680
11351
62917
36470
48538
18726
43562
43071
20857
55291
87805
76044
39242
79069
24161
63241
57573
84304
8366
70219
72260
27666
82337
15749
24637
13143
27955
85859
26422
6534
49934
48275
15549
71308
70015
10427
57572
62650
56614
49342
80135
42612
77185
79969
96101
13130
45341
36611
45292
61221
21029
36744
65046
34789
16588
10293
89159
60545
30014
80811
60130
51467
25206
15174
16203
61782
46154
95351
52871
75222
63914
60404
95225
11250
88007
76169
32724
97507
93875
80498
62129
48547
92658
94711
10700
86019
97121
31442
41358
55049
16533
36214
63290
79437
68549
96784
82045
83642
66604
45361
37073
57428
20144
33469
22417
57424
4655
50769
26882
44358
46127
19926
10774
49812
32306
32395
54109
66288
79069
82421
91977
34113
36058
87349
43493
6650
22155
15088
868
94405
28260
1475
13312
54151
48838
20550
49202
34440
38416
54887
3486
67777
46411
97991
91536
79823
75729
24257
58157
48489
50355
30527
38401
88091
4764
83778
80845
79158
11922
34977
39635
30778
29015
26132
66522
87875
71209
47237
52217
35237
5904
27149
22692
38537
6344
90529
24771
26463
13476
87725
97408
974
43884
37018
72147
19715
97902
88416
48695
34492
41834
76895
7185
35550
5305
9346
1118
85574
56133
91207
64541
52503
3863
96053
52493
59900
1056
13405
4454
83373
11095
29554
49908
80260
28640
87244
77332
15299
96269
13523
99322
6585
75828
84074
42076
20034
41019
90665
44179
30544
3079
4384
89431
91039
51227
68270
36036
34941
23974
10367
52365
78489
89569
83831
83171
42004
32229
25514
71466
82544
35985
15063
50748
23058
21320
24375
79568
63450
46319
68709
39206
80968
51542
68304
39364
68114
87728
75503
51765
36201
43704
7449
81348
26206
559
38679
11983
41689
64206
50307
45185
44429
90467
48276
3975
50760
24701
32889
49330
6627
40044
47318
75459
7966
7306
21538
68130
10573
39293
60507
95954
6207
28301
46558
30080
36578
25424
89387
19697
87394
91621
50428
52655
41321
22712
13159
84458
41035
88761
29517
59286
29654
32859
25136
31979
56834
82486
31760
28367
70421
44577
10610
77075
72600
51105
19666
22554
44475
94443
37291
81564
48385
80376
93842
81374
87741
34231
5156
91321
41790
23305
30499
9988
61932
62700
62076
28554
43548
6503
19050
36762
93994
92953
45138
14774
58314
13486
63320
56047
1680
31729
42655
2723
89834
80365
80352
98226
34804
3658
13064
75759
76588
18902
23536
32629
37964
70239
57876
98370
39634
13504
12200
10448
71291
25065
36188
55946
2108
25563
23884
32726
82878
26794
80714
42654
88392
48592
57962
33384
50411
59896
75061
76586
97131
34902
78825
1939
76179
19384
97196
44797
16949
40094
24401
50314
47937
38797
61451
59672
46796
42474
30994
46551
2901
22812
53471
64960
73449
22564
41202
70752
30947
48770
2874
75405
27401
56003
50050
99264
59505
5250
22499
45959
45677
71423
14665
80712
46623
74084
57042
22157
19589
40174
49392
15124
92121
19560
71837
45475
28235
73266
16410
35743
24895
65743
91144
8440
88772
58120
95906
95074
19943
10881
61953
22745
12379
95589
95672
71381
58459
3400
63132
89440
95850
45185
40884
44121
80554
88713
77849
45332
2434
74101
61373
67105
1346
88945
95388
60707
96886
73853
52985
46369
67619
80850
46030
24387
90726
89073
96976
66419
25413
44565
62369
55929
33790
38726
64622
35446
95197
34225
71280
57278
72846
94377
38973
74792
39607
32247
89852
43691
45277
70936
46842
60816
52527
65704
19125
84288
20993
91705
83431
98500
21776
91367
26297
59737
67558
55664
881
1626
36410
91659
74621
11829
1802
17009
50816
95389
66884
59228
54189
61196
65116
48763
64484
20197
51167
81066
3301
15501
17135
45148
90650
79959
29728
18042
5772
36555
38733
32471
96411
67041
68463
79990
88641
77451
3978
99772
76257
62317
4402
17057
41437
5000
84082
30646
92680
95819
53306
91155
58638
41126
29166
9584
83869
98488
22410
38672
94232
51343
22880
18177
52849
75587
91479
45029
77506
27859
97051
43906
92001
17779
32279
98423
10688
46654
24218
41812
34958
28482
45673
98944
65768
58207
14893
51126
64695
36265
23956
6831
15644
7588
7677
86868
51550
51374
77675
60649
76219
21131
97204
5781
19883
7508
99353
46484
23271
66117
17911
14829
28540
65699
78211
72505
9905
61456
28121
60716
29259
32549
25757
27733
28511
60594
82478
44711
23709
42534
54480
42992
95210
43069
97332
61945
70764
94774
54427
72897
50391
89983
90672
59749
48231
22357
19691
9083
60627
58472
35784
79977
60
30403
78433
34213
48857
14644
81187
52200
57432
73026
25516
96488
15466
42766
79973
33193
91189
26310
58868
92743
6732
33001
6604
21496
47282
49593
66265
25033
36918
38205
91916
32062
62311
11375
12632
91872
45009
55580
95123
2664
52217
40783
72603
10708
37765
2310
3936
21369
51697
75221
2809
67947
39521
71241
50135
51446
51907
22565
15317
3941
86232
9157
99015
85662
65927
86686
22919
47176
63702
24004
98011
57947
76124
58654
25347
29777
40751
61085
34373
55908
69145
99359
33667
33136
69880
16478
44401
90644
88755
84583
13141
36393
51421
81956
60521
47675
28057
89712
80391
38205
51855
40547
56619
42887
10561
50377
92954
93320
17113
36605
30608
39588
20467
45122
26711
61649
22381
10923
73989
66592
32341
39076
79474
48247
67851
10223
26551
24416
4326
88610
72271
63011
27150
64948
82860
8931
54971
75590
41809
10531
77033
68632
79407
6731
77909
29445
38623
66646
14288
85923
89923
8675
97956
2651
53422
23168
28879
78080
22379
94963
73198
58933
63478
19065
37347
64869
6176
43335
51330
81392
11164
38855
24065
70279
32389
21307
50192
48417
35753
13734
58447
14676
9763
96233
88266
33193
3162
9363
42432
98933
69743
5284
35111
22135
77956
47641
26974
23620
48652
69288
48779
18893
22678
3814
44229
64023
87958
79282
6362
31356
78781
9959
86984
81356
95387
21484
58260
30618
49502
49278
47255
37991
7645
26050
46895
66119
19848
10290
65154
79535
64734
3204
34351
29147
72296
40767
92870
48617
85209
93366
21450
98750
35297
56944
87247
13275
92093
70100
53806
34107
69362
25992
46378
91979
10478
60303
40790
80648
32843
95975
74448
55542
67056
24340
88494
85246
18369
91278
74928
44122
9801
91828
52282
8053
84996
66923
49474
54709
35766
40857
21781
89015
19677
49471
21155
90183
5937
54649
90694
57347
14806
34996
6356
75775
99535
51364
5539
98145
43446
70574
11258
38963
44319
34879
15865
96211
34320
47803
66202
48977
90449
54958
79443
49511
83573
99808
18592
3615
47083
42128
71166
27826
73600
11135
73500
16857
1079
67201
49543
12075
96338
25124
62666
99780
45404
5704
53547
90219
65349
74833
22045
88163
23861
47300
54677
50200
25623
30719
95194
20225
35729
45101
59853
91742
24983
20622
63727
84453
23704
51799
78654
39392
18794
87681
25683
5474
84275
11847
80527
53537
7962
48618
99545
67009
40966
50563
17448
83728
7751
48579
7125
74272
78649
42870
48760
55877
5848
39869
85824
5909
22072
62127
71218
90206
75672
92535
30773
56031
2760
55067
92841
15856
68006
67921
14413
85227
63536
27549
20587
74311
10046
90585
55728
91997
63546
38057
30984
74032
61119
7323
12035
77218
64870
92992
93308
90814
51776
78678
84854
22415
32231
48556
4370
82722
14305
9235
83808
86693
52289
24289
28316
25079
84451
7890
9692
71037
12185
24118
71498
5700
55113
30198
27597
59304
66394
96186
27635
88241
29829
12306
4583
20210
22040
47210
80672
73321
20895
12555
64001
73162
67263
59193
53811
73301
21347
11301
38132
24957
13625
6828
16164
32587
80930
30143
86894
78559
15164
37504
21470
98330
24779
14049
59833
78293
71924
98201
62340
8141
96393
38141
6464
86479
16899
75028
61858
19320
89134
82158
71562
25323
51797
68474
11405
55967
67119
40752
29662
68943
39531
28238
88503
28858
48960
51657
7299
6143
52650
49244
96264
28850
24121
43679
10849
14443
18094
43783
77157
55487
76665
30639
46486
15663
20932
28477
29040
57277
46346
42257
1070
84773
95347
18231
49900
93884
3945
77681
3361
77328
93162
35241
83581
62660
47706
82324
58536
66741
25099
58402
18600
82017
85337
31817
70989
52
32971
93863
51940
31923
26000
22961
86375
56454
73789
48914
31197
64141
21254
21478
69982
57758
34793
20879
84104
33425
57438
66476
90119
34019
55242
67652
34612
86027
46144
27751
56966
7011
42966
59221
45545
63929
45377
34804
75324
18474
86518
14715
93586
48023
74882
99219
77130
60001
4061
85124
23496
5974
20120
34218
39046
25506
82080
73634
2763
77441
66869
64755
73660
88823
10220
4809
78743
65025
51043
69634
53030
7211
24475
5071
40888
31269
24514
15522
23225
76943
75652
2542
80089
58203
21312
15198
9389
95248
79116
13603
36343
69300
50779
10465
64990
14387
77094
5004
8997
45890
27728
77549
89428
72384
66751
25327
16659
38427
75509
34288
69558
14320
40510
24584
68961
82793
14108
4173
78647
94186
63108
18640
51082
82044
89173
64424
23156
86772
69304
86490
67682
3675
56862
88046
7969
45197
24758
54076
37835
10024
92832
47262
9899
53230
605
14326
59654
65086
60084
97610
9788
93331
39974
60088
15738
13472
16144
4569
1158
28181
44761
91099
92633
39060
66283
35880
16115
51694
79141
96146
69837
642
94965
40508
46369
1711
20088
66044
26816
15787
33500
37216
86288
86648
32260
43097
34282
37364
91995
16170
41237
14352
65367
82350
13860
35063
69495
489
30414
80212
33255
91890
21402
58988
88302
50348
85182
15582
53478
3330
21898
32556
53339
50679
4741
10402
26485
3349
92139
20366
21829
78320
86746
50797
96353
31697
63021
4918
12340
72350
30368
19247
48243
56827
27959
57880
89617
98037
1489
55188
65857
43001
99478
18662
70392
51174
72865
54415
22091
97470
34062
7686
46125
76280
69710
73461
30976
39335
91504
7487
49923
96959
1255
90192
33425
13407
58538
6535
73135
75555
68315
82638
25123
70377
59955
81174
74621
32121
14145
84713
94078
9511
21437
59189
16116
84047
44548
54965
25410
18430
31571
16737
14616
93968
62395
30206
95357
6812
45256
48189
13288
1377
67033
19305
31255
40047
45613
1989
37502
95219
38852
61112
35761
43641
52904
5249
18262
91153
76447
18995
70963
41176
99070
37231
51578
94643
56336
22759
76698
20648
28862
74115
27756
66278
56827
51819
46114
82826
91133
72892
73231
62790
16310
68256
45797
78704
14157
30199
94867
73463
67813
13340
81308
8037
64416
93761
22655
93641
7905
33119
21202
30390
65310
38358
16778
38489
93586
75349
55260
30265
99570
83719
48807
9656
65783
13439
4083
73083
58330
75395
72811
78803
41250
54401
24065
95608
34284
88629
23504
38698
8970
90277
69200
81015
59038
23993
67839
7976
83707
33136
8168
93257
61937
99940
1036
8206
43227
46501
93660
84888
28393
57076
92684
67857
79481
65460
41625
28442
54753
96019
83402
2522
39943
609
1953
25851
30442
581
2837
9338
21864
78841
90761
9544
17749
73951
20483
50827
60590
20239
58881
44325
87852
68491
49813
4418
7185
91534
20421
51073
84952
50820
10801
90838
25308
88409
96788
88608
46212
19773
86324
24906
67073
30727
79023
7400
46350
78886
21281
45138
96181
5521
29017
47522
86314
84972
12398
93391
6328
53477
23794
90470
85307
70773
81411
98059
97148
2242
76082
80127
24103
51773
15690
58452
57399
96430
92104
42608
60545
71710
36660
90706
1240
25814
93681
13606
50032
93303
67636
85879
80497
93324
78367
23579
8255
66435
87585
48631
76963
30674
9145
40862
98415
1692
80739
60594
36837
46546
35022
1858
70222
90232
50610
75839
13960
91674
36366
69265
92198
15504
97837
80111
74749
92016
70799
89628
86498
46705
1443
89429
23058
24994
10146
94496
22327
98734
61013
46609
20282
61480
81888
35768
89107
42701
84256
76470
24964
97448
41838
82091
63428
24735
90142
75321
78739
51606
41031
31425
72984
53447
95232
36596
49117
21545
40173
41156
27500
99776
8949
88405
45960
75717
96650
15701
23227
38631
10633
40925
23807
61091
21881
18540
31608
98991
48873
68165
36951
28252
90370
53351
38449
45852
84215
11042
86891
12280
70517
78892
14697
2792
80828
32740
22562
74766
99664
84767
61472
17974
17755
42377
8033
37619
44790
14510
74904
66963
38162
84228
77876
240
38316
16036
74489
85202
61279
27797
11872
23933
62705
52232
12537
82103
12027
19063
10803
30141
3649
27950
16860
55601
72934
39830
54459
27068
64381
10225
83180
1375
92765
21704
95739
7860
79200
77740
46135
4733
82079
93277
53679
64708
43258
64980
82775
35851
82189
16829
23057
34707
95657
62891
87488
73670
57992
87941
81603
47798
2024
97950
32239
90053
72446
72468
61067
60902
16761
10733
63699
17231
76891
84642
46089
13912
2307
68290
66811
56814
65687
47970
81360
83494
38227
80035
37642
72155
39647
3686
35616
21801
66776
27862
69054
97125
4734
76608
88087
96033
37271
9853
93514
61583
76391
1358
14763
86745
8463
53123
95967
34680
26434
84057
14619
22916
78945
24679
84098
85184
34882
57749
74746
34473
23468
52173
99357
18510
73582
66934
99804
44766
54069
25811
71110
132
4254
29400
77546
93593
2955
6813
12671
58325
23056
68861
42342
68052
94787
72363
1149
87669
51584
27670
84102
54105
29261
73757
43053
40252
60841
77939
21176
84276
52568
89359
16459
21163
68399
44662
87314
26317
75274
59452
30875
90666
24190
14524
32738
29207
28606
25377
15997
52354
81542
87015
98908
45795
32665
83126
98188
93790
98775
8284
85748
17440
62870
97448
25249
54486
24624
8260
61706
41313
20313
18309
88286
96774
56684
85673
45361
71590
11479
19626
95671
109
64018
8858
60782
45038
47154
61473
75867
84411
40177
70824
69553
30703
73336
91289
19907
4384
14105
97611
89292
48627
56445
74244
7845
99102
49797
82865
3144
62094
80915
56645
47888
63605
33092
76187
78071
48798
27608
54639
23888
41874
98677
15706
27466
50062
84185
64196
54321
19913
31202
97323
44757
87456
74281
36547
86532
47495
11903
35979
19404
71982
29789
26853
30605
15853
39514
19673
47180
32019
80718
54921
68958
98398
13974
57238
34689
16633
16305
89436
13557
94855
98771
62789
67106
21011
32850
87986
12729
72835
45025
92446
49995
91748
71465
23666
38976
8381
3154
23424
26412
53033
15798
26354
26563
95031
44457
37540
29082
33974
22898
27174
86200
95743
81958
31830
27914
1095
75348
75768
67886
6135
47799
63306
58781
96508
31049
39025
19710
14514
65958
80736
94334
41834
5939
15591
82132
21563
38234
24371
23635
49788
9254
34051
77218
6905
57528
94228
6973
89631
24860
41275
36757
97098
52316
92337
41292
80823
83927
57240
24454
69590
74394
79824
64794
25853
84082
64854
31014
79257
31094
90076
43558
31599
17264
98007
86525
59532
77565
94975
96304
23676
31197
33898
28168
31845
39755
1485
76358
28920
54367
32569
82487
76594
93181
10607
39292
2304
32570
53422
68994
2343
94222
48049
81389
34129
51043
99037
10186
30343
41470
12894
23952
17312
8912
46174
24443
55050
86720
43140
73583
62027
13252
71715
58662
92240
28012
53883
5844
15350
75421
2844
7313
37643
11990
38482
50647
8005
8929
80437
43440
20546
851
7219
68535
93015
81182
95597
33525
14923
99843
59206
79442
38235
40021
74869
26541
63809
63031
12054
78699
94122
58748
94017
26044
29908
70816
43655
3803
79477
63562
76522
41579
58266
28496
4049
83550
30618
41740
95345
70842
57497
71972
17793
66825
99305
56866
20070
28314
34337
66895
27230
36064
10620
29941
75384
5130
23539
10810
98950
72347
61894
65668
78808
46166
80771
26071
57378
14575
44059
85456
83072
22456
50577
86053
23545
60933
80744
31438
52985
62561
10229
23146
39656
74822
60203
50883
33846
29438
83705
9129
52155
22402
39708
54028
87148
10721
9234
91884
79544
29092
61683
42767
72212
66571
6641
37257
36476
74279
7932
8783
50361
64585
65513
26240
49921
32166
86964
67359
96684
9044
47065
68198
48896
38331
22435
44901
78416
78266
92734
74476
93321
25301
78427
53882
32096
72873
87602
70715
649
62760
42670
45449
19336
7208
42181
70821
13579
12005
19778
36065
33077
16701
82211
3689
54666
40378
73978
82664
70748
29496
41882
20752
15183
31465
98108
58832
85970
55076
94720
99963
19901
32604
48232
83908
60895
75768
68089
28204
74212
39692
42473
79521
4965
54021
9673
55464
12287
2973
47983
98097
25455
59573
71968
3202
18828
8933
37675
22811
79927
63883
96394
17128
24411
97993
33431
58933
60380
93577
64464
6168
87245
64654
92668
91980
13241
31298
8572
4700
41365
89425
21349
28680
92739
45345
87569
84173
12320
3419
78579
2798
37879
34851
9837
42606
71312
86572
92517
13397
49942
86532
1745
91012
40299
85769
4484
32435
64777
91220
76135
40964
23054
24337
98447
71884
17621
81262
35715
942
90228
23249
79174
29914
88836
51974
83471
44465
91564
3299
75938
52299
16484
31073
55935
34866
27114
74771
50474
52558
78563
71728
65810
91285
15825
45233
9292
10908
88227
53029
57834
14289
68997
88355
87625
91964
97023
69474
22287
17
98459
14077
37423
83607
59462
43022
86952
44254
78144
71050
10304
21242
10229
30053
50829
48259
44515
23578
27820
98783
29736
85651
78229
86369
7371
52530
89591
37385
34476
