67120 715
79396 774
10643 754
46853 62
70555 592
97970 622
68314 607
78970 853
27324 400
79416 229
25160 663
11866 640
91962 952
24389 340
73458 674
67983 248
26951 981
93704 751
35022 893
5404 762
89964 146
14426 590
6805 904
21092 336
80480 181
72451 410
12124 924
74781 291
96406 652
48818 624
17957 531
93298 146
93826 750
33856 442
95062 184
15731 950
40539 333
62037 310
57848 338
55686 864
13256 53
62187 966
25599 275
59114 296
35000 471
53699 482
29054 327
11980 151
14578 420
86003 917
81115 622
71672 199
95645 967
24732 814
57074 352
75676 367
64732 178
18155 160
75500 736
57427 800
22980 927
31791 994
75742 947
24776 373
90502 872
87866 926
37349 810
18974 397
74628 561
11868 659
44971 411
59898 285
20492 546
81353 313
69136 12
7799 207
21881 961
49314 444
33639 288
83027 768
29545 443
92768 545
4606 463
25650 255
59792 420
76101 228
42777 413
43149 901
10921 552
84166 78
68907 796
29967 32
85014 334
9836 812
81320 56
2742 268
21192 401
63048 479
48774 263
6971 75
76384 613
72402 352
52890 392
70932 385
31269 811
78888 689
9001 812
70333 804
89974 113
17390 893
87817 694
38753 442
38781 617
16741 404
32677 202
58883 370
3482 522
87948 581
61155 41
82304 14
70042 750
50936 448
51520 602
7744 536
83973 13
39230 457
70766 888
64145 472
4543 267
83095 412
10594 33
85414 121
28726 306
9465 618
71708 808
73101 772
45320 282
71371 960
63785 595
58569 852
50193 861
40603 185
74831 55
83802 409
36429 543
49818 314
16696 997
58506 452
85969 53
45717 145
6954 623
91901 68
31336 830
38967 334
29589 754
69983 625
92637 587
93707 311
32282 167
67317 2
90485 694
7733 569
42236 130
5724 765
47540 897
83541 106
64980 625
38617 30
89007 821
75001 157
55462 692
18977 127
93002 414
39595 159
34168 935
30867 991
82875 193
97397 30
97838 150
44358 608
15842 489
32867 982
60832 833
78090 582
51429 773
44167 154
60295 724
88474 694
82134 728
29567 181
98477 8
94301 176
87406 97
82937 541
44374 657
94870 828
57599 582
64923 254
22234 370
14544 997
23128 476
1874 452
40249 278
11059 334
62679 180
53927 335
74686 345
99333 743
91195 165
40931 593
85863 420
59324 103
20679 421
57902 940
25873 956
97621 871
30136 370
15228 702
56564 454
24272 613
50430 33
92863 545
89516 467
71108 541
25795 365
56511 87
22744 989
51888 313
61511 713
62697 576
30450 749
18844 547
21767 123
30226 183
25062 233
10878 604
62203 306
40617 404
416 496
60207 531
52396 581
59591 49
799 693
9248 883
15657 913
38685 239
57405 558
41598 876
55901 481
79112 447
9597 211
24813 879
11250 246
98033 371
86244 23
60824 869
63895 644
67661 270
43521 302
98090 741
63362 217
23441 376
47572 278
75462 701
62720 79
59060 62
34111 271
30434 996
82451 400
76959 928
326 357
23342 959
74306 201
77057 950
95319 266
79561 889
9358 323
1132 154
74579 737
53007 641
77766 754
86409 949
51591 577
19508 391
94618 165
79425 519
90949 401
92196 664
64932 883
21122 84
491 94
57382 607
89156 189
19297 758
76457 77
9694 517
50260 815
20425 848
73600 510
28647 524
86937 156
93295 188
62075 275
9563 990
79433 257
23964 619
41314 797
66544 238
86534 783
60562 401
21456 573
17012 620
1235 511
7531 866
73004 965
47036 42
62019 157
64732 276
75444 702
58958 951
42020 586
55630 291
1795 459
179 725
36765 236
93031 724
452 585
70787 111
66512 840
14612 625
82486 629
20303 496
441 180
10931 341
74380 46
53523 584
70840 113
67218 385
76540 166
25892 833
28047 315
76227 673
76353 556
68425 490
60324 27
61353 676
65137 475
18090 289
99493 938
27779 937
28171 489
28283 482
73404 4
20585 682
274 527
64887 844
77130 59
87326 124
58227 828
12148 246
4718 651
77844 910
11785 866
92643 763
43185 610
51694 657
35311 519
30316 293
5747 658
87477 159
63186 495
40086 530
78139 260
30976 546
10536 247
67550 39
12040 864
92114 81
47135 652
16548 933
26397 136
31981 723
43298 913
60054 434
50871 876
34662 471
12755 923
24725 988
43089 87
58113 687
11407 805
13888 138
86879 625
15071 201
93692 458
91125 908
98853 872
27983 312
79351 636
76396 352
52683 241
85350 474
70582 891
11701 918
75002 539
39749 591
90383 693
15851 702
38149 804
75164 26
76635 357
96648 316
29292 73
92457 782
83881 825
56171 649
17283 866
97138 830
5310 444
27768 943
32270 855
32757 730
12345 494
19537 558
59118 2
11318 917
30468 421
82437 545
53351 425
80348 831
76516 419
88309 112
11388 811
16213 688
85629 404
22797 470
50621 890
66645 365
56200 8
76879 694
18198 438
23686 73
99695 842
36761 134
10454 616
44525 986
79880 140
13912 529
17580 779
93960 793
45116 362
68557 272
4809 686
22864 522
8730 631
92776 67
50575 414
30606 950
5642 946
50007 104
65933 321
12834 269
39737 513
2798 481
79050 288
16255 822
6228 765
27852 339
95788 841
52324 610
27977 717
96830 51
54187 87
23678 552
50539 106
8150 60
37752 963
85113 683
45823 557
16522 228
77351 860
28760 204
82606 112
35784 918
73943 352
85554 307
94977 935
87650 571
84703 931
38572 446
62764 216
60494 827
61048 235
41275 671
30797 908
37799 711
99630 243
52448 278
11850 455
57925 35
58791 714
40349 253
67780 764
1947 415
56778 900
1179 591
60211 90
10211 784
54606 932
75794 460
69300 582
29021 178
14705 319
21297 224
42122 171
23109 953
10517 623
32878 343
37471 323
69611 555
96479 737
87744 260
48802 478
83194 351
86928 956
72399 530
29577 785
84791 198
36549 918
6273 934
59462 994
75600 443
93424 185
23900 779
34206 846
6826 336
74269 51
76013 36
22846 11
9975 367
20274 38
95949 614
50132 444
79105 14
45340 475
28838 828
24436 382
31080 95
45355 146
15896 851
75982 755
68001 513
82718 972
48629 572
8680 513
21424 998
84939 340
76137 953
65821 893
69613 711
59787 959
39258 403
68862 332
30343 42
73953 219
39519 317
78439 93
97407 517
26659 746
96024 379
43746 244
49401 567
36320 795
73764 698
8764 756
15033 615
17456 456
58337 328
90560 762
73820 776
11399 37
94769 222
9025 696
47176 451
72251 569
89437 480
28048 435
20378 451
4551 770
73653 787
21003 523
36857 933
6015 446
87445 676
54316 397
39159 52
83367 965
71756 953
66223 655
95291 680
71911 574
41583 393
59033 296
84981 604
70571 348
60973 328
80825 570
89351 191
70673 44
77533 30
35980 11
58457 30
91262 361
15933 138
98892 980
70793 383
70560 408
65220 4
69020 36
919 482
56285 385
5897 375
58020 237
56780 403
80407 528
88322 133
52921 70
30562 526
57163 344
3337 490
97045 475
2026 662
21659 857
71605 180
68473 348
31658 478
4894 921
47491 419
11969 639
33389 44
96527 680
39059 162
7353 609
98073 341
9754 46
43209 721
84342 730
60309 739
6341 290
88975 482
75821 798
5982 263
24616 619
84379 86
24509 923
46533 157
53788 721
68080 996
19717 261
16665 18
89839 288
61743 737
1262 264
66861 623
3516 749
14360 838
90580 598
58684 75
48213 337
22427 771
95998 4
61770 586
11998 588
70359 117
40971 729
65130 627
12205 238
8118 147
67169 16
91466 967
53753 139
2023 27
7638 672
89248 615
30064 193
91540 243
14907 34
65530 299
63964 864
14399 623
94000 426
82612 829
83966 655
63816 90
28404 50
41730 411
98893 560
8132 8
10831 468
59223 8
31324 276
25916 796
36227 145
99115 570
39899 667
82866 204
68139 847
9439 705
72512 730
19639 996
18484 68
87419 48
70014 422
25463 717
41088 247
35069 459
29331 984
45967 198
84097 44
90897 381
5241 437
40544 466
63369 329
99972 866
85057 358
40144 177
73843 62
4162 689
63373 798
70257 527
57026 621
18830 572
79327 472
41552 958
21473 949
25829 372
95806 682
57723 824
79277 480
88970 103
90240 90
10663 307
207 877
31821 371
91758 223
38604 614
82962 780
12630 955
87756 429
2066 677
5475 951
55504 322
64746 920
40986 941
81572 984
56356 871
81748 462
34534 550
37237 928
95896 427
37981 686
30006 160
80108 698
58624 966
85910 350
58050 434
67051 947
5155 589
88687 95
12791 531
71848 457
22460 947
32674 39
70134 799
98417 101
53379 232
4499 271
41224 368
98489 545
90742 198
49745 138
51873 115
70548 146
77776 649
5399 613
38241 497
83617 121
99132 381
71641 768
33497 787
93515 27
53509 569
45701 738
41297 974
69823 601
73872 513
78935 67
35105 169
98044 232
64954 769
8289 790
87472 462
82876 51
85562 622
73047 517
47547 957
49299 388
49112 817
72388 533
37662 122
79733 349
29567 435
30718 109
62244 469
98670 833
31690 623
74826 25
27295 725
96994 941
57960 507
39643 667
58894 599
82762 724
64562 2
12312 49
5819 626
3568 584
76861 254
81874 817
5633 663
21600 33
20350 917
91034 396
73529 300
82330 104
77478 817
32372 283
18136 957
78969 588
75034 321
67947 887
1421 475
74676 827
47647 814
6270 734
88324 756
50437 994
6397 598
40626 652
68648 941
28619 265
48641 347
50386 785
17340 178
13564 397
92601 24
68622 331
4638 364
60152 293
3991 732
18101 231
14449 80
26188 539
71639 229
26807 832
10695 561
49841 771
39969 911
45765 338
55169 453
80021 507
30264 673
50215 910
95912 780
19366 776
90532 128
44102 748
27901 753
97294 835
10657 834
70947 159
72107 322
75107 741
71831 69
67799 828
92925 140
59459 347
5232 78
11474 332
36365 684
97699 419
43211 165
48452 671
32863 57
99640 730
12823 858
10578 238
68069 808
23358 695
29155 884
99250 599
38541 450
47470 32
54330 301
40041 495
33138 434
73993 760
32612 101
74756 839
50673 50
44627 847
63084 525
85484 260
73053 349
72739 57
56468 568
82022 260
96419 593
48887 112
4934 250
69794 699
6092 216
30285 178
29836 777
79865 898
97278 123
39671 73
32127 347
37013 636
50270 836
11153 103
31200 296
38626 874
26762 219
47550 878
24804 45
67755 575
51458 84
43129 599
6577 896
51339 473
59413 978
22988 741
64261 748
52030 745
67697 479
58743 919
98157 959
17145 727
95272 808
85187 985
65288 786
20686 474
68956 10
84744 620
82313 313
3780 270
63805 212
18117 150
68784 78
68664 674
70986 180
13668 674
80020 614
81252 135
60740 356
27492 739
24736 414
11036 282
6617 710
91898 250
5597 696
9365 225
14243 697
83235 990
97058 558
27422 40
59469 822
89054 803
36617 99
9488 504
42351 992
30702 824
41480 427
30049 531
31683 722
30187 42
56450 774
88779 611
22612 568
13169 422
25769 973
78432 163
58145 486
1956 953
91192 312
68408 513
59738 112
15187 797
73351 842
